+0,+3.23527
+0.0005,+3.8838
+0.00074,+4.39678
+0.00125,+4.87881
+0.00162,+5.57414
+0.002,+6.21379
+0.00237,+6.46492
+0.00275,+6.46322
+0.00325,+6.42327
+0.00362,+6.50353
+0.00401,+6.56731
+0.00438,+6.69314
+0.00474,+6.92551
+0.00525,+7.018
+0.00562,+6.90798
+0.006,+6.95425
+0.00638,+7.07294
+0.00675,+7.15619
+0.00725,+7.2736
+0.00762,+7.17468
+0.008,+7.18108
+0.00837,+7.03826
+0.00875,+7.06846
+0.00925,+7.12952
+0.00962,+7.21915
+0.01,+7.238
+0.01039,+6.85779
+0.01202,+6.75782
+0.0122,+6.74968
+0.01245,+6.61045
+0.01265,+6.62654
+0.01287,+6.87605
+0.01325,+6.95982
+0.01362,+6.84175
+0.014,+6.57666
+0.01441,+6.61686
+0.01476,+6.96672
+0.01525,+6.63649
+0.01562,+6.83769
+0.016,+7.00232
+0.01637,+7.12517
+0.01675,+6.92647
+0.01735,+6.81697
+0.01761,+7.00942
+0.01827,+7.30248
+0.01852,+7.03224
+0.01877,+6.82076
+0.01925,+7.22585
+0.01962,+6.95597
+0.02,+7.06885
+0.02037,+6.86769
+0.02075,+6.83861
+0.02125,+6.82522
+0.02163,+6.72193
+0.022,+6.76281
+0.0225,+7.10592
+0.02275,+6.82975
+0.02325,+6.71063
+0.02362,+6.97827
+0.024,+6.8664
+0.02437,+6.77936
+0.02475,+6.91936
+0.02525,+6.69022
+0.02562,+6.67382
+0.026,+6.66146
+0.02637,+6.50497
+0.02675,+6.82609
+0.02725,+6.86157
+0.02762,+6.83793
+0.028,+6.86691
+0.02839,+6.84023
+0.02875,+6.78504
+0.02925,+6.95737
+0.02963,+6.91849
+0.03,+6.95863
+0.03037,+7.04612
+0.03075,+7.14585
+0.03127,+7.04197
+0.03163,+6.87682
+0.032,+6.86599
+0.03238,+7.0215
+0.03275,+7.00678
+0.03325,+7.09215
+0.03362,+7.16285
+0.034,+7.01517
+0.03437,+7.0275
+0.03475,+6.84879
+0.03525,+6.89462
+0.03562,+6.86466
+0.036,+6.98762
+0.03638,+7.0099
+0.03675,+7.08538
+0.03725,+6.82118
+0.03762,+6.88985
+0.038,+6.99864
+0.03837,+7.08504
+0.03875,+7.08503
+0.03925,+7.24559
+0.03963,+7.37038
+0.04,+7.32417
+0.04038,+7.36473
+0.04076,+7.35712
+0.04125,+7.38488
+0.04163,+7.26848
+0.042,+7.15515
+0.04237,+7.08351
+0.04275,+7.11979
+0.04325,+6.97272
+0.04362,+6.95228
+0.044,+6.89342
+0.04437,+6.92859
+0.04476,+6.93979
+0.04525,+6.93216
+0.04565,+6.92615
+0.04602,+6.96923
+0.04638,+6.87249
+0.04675,+6.87692
+0.04725,+6.77697
+0.04763,+6.70415
+0.048,+6.66436
+0.04838,+6.4291
+0.04875,+6.41511
+0.04925,+6.64789
+0.04963,+6.63242
+0.05,+6.67059
+0.05038,+6.37876
+0.05075,+6.4253
+0.05125,+6.57367
+0.05163,+6.6943
+0.052,+6.61888
+0.0525,+6.76537
+0.05275,+6.45868
+0.05325,+6.45474
+0.05362,+6.65582
+0.054,+6.71403
+0.05438,+7.07751
+0.05476,+6.83405
+0.05526,+6.72647
+0.05563,+6.63952
+0.056,+6.64642
+0.05638,+6.33507
+0.05675,+6.51688
+0.05725,+6.40874
+0.05762,+6.29539
+0.058,+6.23112
+0.05838,+6.23801
+0.05876,+6.2656
+0.05925,+6.36464
+0.05963,+6.36648
+0.06,+6.15473
+0.06037,+6.47408
+0.06075,+6.483
+0.06125,+6.66373
+0.06163,+6.60747
+0.062,+6.59936
+0.06239,+6.58528
+0.06276,+6.87335
+0.06326,+6.83274
+0.06363,+6.81641
+0.064,+6.99457
+0.06438,+6.96204
+0.06475,+6.84334
+0.06528,+6.44093
+0.06564,+6.2034
+0.06601,+6.19552
+0.06638,+6.10178
+0.06675,+5.8129
+0.06725,+5.7274
+0.06763,+5.42023
+0.068,+5.4267
+0.06838,+5.46544
+0.06876,+5.53458
+0.06925,+5.81131
+0.06963,+6.15924
+0.07,+6.14422
+0.07038,+5.84062
+0.07075,+5.97438
+0.07126,+6.02541
+0.07163,+6.2874
+0.072,+6.30254
+0.07238,+6.22889
+0.07276,+6.11172
+0.07326,+5.78202
+0.07363,+5.70663
+0.074,+5.76624
+0.07438,+5.88213
+0.0748,+5.69971
+0.07538,+5.54637
+0.07564,+5.46758
+0.07601,+5.35305
+0.07638,+5.1167
+0.07676,+5.22358
+0.07801,+5.45834
+0.07827,+5.42587
+0.07847,+5.24526
+0.07877,+5.10039
+0.07926,+5.15401
+0.07963,+5.34139
+0.08,+5.25982
+0.08038,+5.34435
+0.08075,+5.49379
+0.08125,+5.44897
+0.08163,+5.35964
+0.082,+5.00736
+0.08238,+5.09898
+0.08289,+5.31795
+0.08326,+5.32629
+0.08363,+5.01933
+0.08401,+5.0339
+0.08438,+4.87086
+0.08476,+4.73232
+0.08525,+4.54194
+0.08563,+4.56456
+0.086,+4.70942
+0.08638,+4.51367
+0.08676,+4.18091
+0.08726,+3.84613
+0.08763,+3.85203
+0.088,+3.8366
+0.08838,+3.79084
+0.08877,+3.75102
+0.08926,+3.9842
+0.08963,+3.84279
+0.09001,+3.73941
+0.09038,+3.52782
+0.09078,+3.72877
+0.09126,+4.11737
+0.09163,+4.09262
+0.09201,+3.99693
+0.09238,+3.9607
+0.09276,+3.96656
+0.09327,+3.4759
+0.09363,+3.466
+0.09401,+3.53415
+0.09438,+3.71482
+0.09476,+3.45518
+0.09526,+3.25982
+0.09563,+3.19799
+0.096,+2.90495
+0.09638,+2.61
+0.09676,+2.57929
+0.09726,+2.7694
+0.09763,+2.69381
+0.098,+2.65562
+0.09838,+2.49775
+0.09877,+2.47015
+0.09926,+2.445
+0.09963,+2.44202
+0.10011,+2.58732
+0.10038,+2.77792
+0.10077,+2.56051
+0.10113,+2.43988
+0.10164,+2.41858
+0.10201,+2.33934
+0.10238,+2.14378
+0.10276,+2.23631
+0.10328,+2.16517
+0.10363,+1.981
+0.10401,+1.9308
+0.10438,+1.73199
+0.10476,+1.99973
+0.10513,+2.05654
+0.10563,+1.94889
+0.10601,+1.95903
+0.10638,+2.13
+0.10676,+1.86523
+0.10713,+1.7759
+0.10763,+1.74649
+0.10801,+1.85657
+0.10838,+1.95967
+0.10876,+1.85812
+0.10913,+1.84163
+0.10963,+1.93198
+0.11001,+1.85064
+0.11038,+1.77452
+0.11077,+2.0129
+0.11113,+1.76553
+0.11163,+1.76444
+0.11201,+1.55762
+0.11238,+1.54338
+0.11276,+1.43269
+0.11326,+1.13596
+0.11363,+0.900486
+0.11401,+0.889379
+0.11438,+0.68355
+0.11476,+0.642618
+0.11513,+0.882508
+0.11563,+0.845898
+0.11601,+0.587585
+0.11638,+0.478274
+0.11686,+0.265081
+0.11713,+0.460162
+0.11763,+0.46631
+0.11801,+0.345187
+0.11838,+0.350357
+0.11876,+0.362604
+0.11913,+0.331732
+0.11965,+0.330494
+0.12001,+0.567468
+0.12038,+0.62406
+0.12076,+0.703776
+0.12113,+0.69221
+0.12164,+0.612808
+0.12201,+0.607511
+0.12238,+0.685173
+0.12276,+0.625351
+0.12313,+0.525157
+0.12376,+0.391949
+0.12401,+0.33402
+0.12438,+0.358612
+0.12476,+0.378758
+0.12513,+0.185488
+0.12563,+0.178996
+0.12601,+0.212194
+0.12638,+0.231925
+0.12676,-0.0691825
+0.12713,-0.11225
+0.12763,+0.0210023
+0.12801,+0.0590609
+0.12838,-0.117177
+0.12876,-0.169823
+0.12913,-0.371327
+0.12963,-0.330734
+0.13001,-0.443555
+0.13038,-0.517565
+0.13078,-0.387621
+0.13126,-0.454562
+0.13164,-0.641874
+0.13201,-0.778861
+0.13239,-0.875294
+0.13276,-0.922129
+0.13313,-0.641296
+0.13364,-0.803086
+0.13401,-0.709697
+0.13438,-0.715023
+0.13477,-0.738046
+0.13513,-0.714123
+0.13564,-0.845572
+0.13601,-0.869086
+0.13639,-0.71105
+0.13676,-0.915492
+0.13713,-0.922156
+0.13764,-0.874408
+0.13801,-1.02443
+0.1384,-1.10391
+0.13876,-1.23879
+0.13914,-1.4933
+0.13964,-1.29425
+0.14001,-1.52552
+0.14039,-1.65299
+0.14076,-1.3942
+0.14113,-1.55076
+0.14163,-1.54777
+0.14201,-1.45634
+0.14239,-1.50022
+0.14277,-1.45502
+0.14313,-1.41283
+0.14364,-1.41257
+0.14401,-0.992487
+0.14438,-0.887664
+0.14476,-1.01274
+0.14513,-1.19869
+0.14563,-1.37118
+0.14601,-1.48754
+0.14639,-1.3955
+0.14677,-1.15038
+0.14713,-0.906087
+0.14764,-1.00828
+0.14801,-1.25286
+0.1484,-1.14022
+0.14876,-1.12611
+0.14913,-0.967133
+0.14964,-1.00863
+0.15001,-0.983378
+0.15039,-1.08971
+0.15077,-1.23557
+0.15113,-1.21754
+0.15164,-1.42118
+0.15201,-1.32628
+0.15238,-1.54641
+0.15276,-1.64097
+0.15313,-1.60859
+0.15376,-1.38072
+0.15402,-1.30317
+0.15438,-1.36426
+0.15476,-1.39988
+0.15513,-1.52671
+0.15564,-1.13921
+0.15601,-1.20447
+0.15639,-1.39667
+0.15676,-1.18253
+0.15713,-1.18998
+0.15764,-1.19196
+0.15801,-1.30031
+0.15839,-1.20401
+0.15877,-1.15938
+0.15913,-1.21906
+0.15964,-1.29239
+0.16001,-1.33521
+0.16039,-1.11404
+0.16076,-1.19455
+0.16113,-1.31115
+0.16164,-1.38936
+0.16201,-1.35861
+0.16239,-1.32321
+0.16277,-1.58957
+0.16313,-1.4999
+0.16364,-1.4366
+0.16401,-1.32957
+0.16439,-1.46543
+0.16476,-1.49915
+0.16513,-1.24658
+0.16564,-1.17509
+0.16601,-1.36351
+0.16639,-1.4647
+0.16676,-1.2533
+0.16714,-1.24642
+0.16768,-1.28853
+0.16802,-1.29828
+0.16839,-1.12493
+0.16876,-0.928797
+0.16913,-1.11611
+0.16964,-1.20053
+0.17002,-0.956917
+0.17039,-0.808883
+0.17077,-0.770457
+0.17113,-0.670247
+0.17164,-0.767652
+0.17201,-0.912616
+0.17239,-1.1181
+0.17276,-1.36824
+0.17314,-1.27625
+0.17364,-1.19902
+0.17401,-1.17524
+0.17439,-1.31303
+0.17477,-1.307
+0.17515,-1.54616
+0.17564,-1.53425
+0.17601,-1.61035
+0.17639,-1.65382
+0.1769,-1.77291
+0.17726,-1.74183
+0.17764,-1.70249
+0.17801,-1.80468
+0.17839,-1.76156
+0.17876,-1.68408
+0.17914,-1.44749
+0.18041,-1.64165
+0.18059,-1.50487
+0.1808,-1.19867
+0.18114,-0.867914
+0.18177,-0.995045
+0.18201,-1.1253
+0.18239,-1.07681
+0.18277,-1.04861
+0.18314,-1.05833
+0.18364,-0.977871
+0.18402,-0.746554
+0.18452,-0.597256
+0.18476,-0.639361
+0.18514,-0.886408
+0.18564,-0.716424
+0.18601,-0.597563
+0.18639,-0.759378
+0.18677,-0.695788
+0.18714,-0.57451
+0.18764,-0.691242
+0.18801,-0.896955
+0.18839,-1.03158
+0.18876,-1.13028
+0.18913,-1.08787
+0.18964,-1.23021
+0.19001,-1.33079
+0.19039,-1.26101
+0.19077,-1.44545
+0.19114,-1.58984
+0.19189,-1.79302
+0.1921,-1.58597
+0.19239,-1.47411
+0.19277,-1.34046
+0.19315,-1.18119
+0.19364,-0.968064
+0.19401,-1.07581
+0.19439,-0.955923
+0.19477,-0.746364
+0.19514,-0.714484
+0.19564,-0.71042
+0.19601,-0.843309
+0.19639,-0.823805
+0.19676,-0.973871
+0.19713,-1.09413
+0.19764,-1.16144
+0.19801,-0.951552
+0.19839,-0.785994
+0.19877,-0.873246
+0.19914,-0.871984
+0.19964,-0.678482
+0.20001,-0.496363
+0.20039,-0.505373
+0.20076,-0.385254
+0.20114,-0.523102
+0.20164,-0.583723
+0.20201,-0.523929
+0.20242,-1.08272
+0.20279,-1.02682
+0.20314,-1.33044
+0.20364,-1.5531
+0.20402,-1.68115
+0.2044,-1.67574
+0.20477,-1.68729
+0.20514,-1.56092
+0.20564,-1.68422
+0.20602,-1.64477
+0.20639,-1.16499
+0.20677,-1.11743
+0.20714,-0.989718
+0.20764,-0.843971
+0.20801,-0.743395
+0.20839,-0.6903
+0.20878,-0.656443
+0.20914,-0.686726
+0.20964,-0.64041
+0.21001,-0.676935
+0.21039,-0.757011
+0.21078,-1.00828
+0.21114,-1.08109
+0.21164,-1.01192
+0.21201,-0.931733
+0.21239,-1.06626
+0.21276,-1.29211
+0.21314,-1.43727
+0.21364,-1.14991
+0.21402,-1.2937
+0.21439,-1.44845
+0.2149,-1.35911
+0.21515,-1.27951
+0.21564,-1.33293
+0.21602,-1.53477
+0.21639,-1.64471
+0.21677,-1.43189
+0.21714,-1.25114
+0.21764,-1.28433
+0.21802,-1.13637
+0.21839,-0.902277
+0.21877,-0.655812
+0.21914,-0.696637
+0.21966,-0.615079
+0.22002,-0.273622
+0.22039,-0.00621654
+0.22077,+0.0460568
+0.22114,+0.117941
+0.22164,+0.219764
+0.22203,+0.248205
+0.22239,-0.00149026
+0.22277,+0.00666932
+0.22314,+0.0230714
+0.22364,+0.150465
+0.22402,-0.141251
+0.22439,-0.181777
+0.22477,-0.314147
+0.22514,-0.35496
+0.22564,-0.649535
+0.22602,-0.633903
+0.22639,-0.252096
+0.22677,-0.495617
+0.22714,-0.316433
+0.22764,-0.506585
+0.22802,-0.557662
+0.22839,-0.795669
+0.22877,-0.566078
+0.22914,-0.888976
+0.22964,-0.693069
+0.23002,-0.965023
+0.23039,-1.18465
+0.23077,-1.20125
+0.23114,-1.31022
+0.23164,-1.30056
+0.23202,-1.12999
+0.23239,-0.738461
+0.23277,-0.814358
+0.23316,-0.602233
+0.23364,-0.699354
+0.23402,-0.405543
+0.23439,-0.471916
+0.2349,-0.364292
+0.23518,-0.167428
+0.23564,-0.179471
+0.23602,-0.0743875
+0.23639,-0.0766087
+0.23677,+0.0246992
+0.23715,+0.0724305
+0.23764,+0.1743
+0.23802,-0.04642
+0.23839,+0.0916402
+0.23877,+0.228402
+0.23915,+0.253173
+0.23964,+0.343338
+0.24002,+0.34564
+0.24039,+0.219487
+0.24077,+0.0568054
+0.24115,+0.0420889
+0.24165,-0.0128963
+0.24202,+0.201782
+0.24239,+0.279379
+0.24277,+0.292055
+0.24315,+0.205083
+0.24364,+0.192073
+0.24402,+0.112963
+0.24439,+0.205653
+0.24477,+0.155276
+0.24514,+0.0844593
+0.24565,+0.118745
+0.24602,+0.116161
+0.24639,-0.0437569
+0.24677,+0.0393985
+0.24714,+0.013167
+0.24764,+0.133565
+0.24802,+0.0974508
+0.2484,+0.00244884
+0.24877,+0.0412131
+0.24914,+0.125716
+0.24964,+0.0987973
+0.25002,-0.173755
+0.25042,-0.244491
+0.25079,-0.363321
+0.25115,-0.510384
+0.25164,-0.654806
+0.25202,-0.604974
+0.25239,-0.678481
+0.25277,-0.669501
+0.25314,-0.597909
+0.25364,-0.503273
+0.25402,-0.596568
+0.25439,-0.401004
+0.25477,-0.406695
+0.25514,-0.185113
+0.25565,-0.109173
+0.25602,-0.402235
+0.2564,-0.250156
+0.25677,-0.326642
+0.25714,-0.404109
+0.25764,-0.535149
+0.25802,-0.259828
+0.25839,-0.330412
+0.25877,-0.310183
+0.25915,-0.383111
+0.25964,-0.734898
+0.26002,-0.440906
+0.2604,-0.711149
+0.2609,-0.804873
+0.26116,-0.779474
+0.26164,-0.913081
+0.26202,-0.985893
+0.26239,-0.87094
+0.26277,-0.846738
+0.26314,-0.909479
+0.26364,-0.724922
+0.26402,-0.813329
+0.26439,-0.617893
+0.26477,-0.239718
+0.26527,-0.286262
+0.26564,-0.217849
+0.26602,-0.238984
+0.26639,-0.244873
+0.26677,-0.302069
+0.26715,-0.137786
+0.26765,+0.0424371
+0.26802,-0.0931991
+0.26839,-0.0512965
+0.26877,-0.128074
+0.26914,-0.0608935
+0.26965,+0.156909
+0.27008,+0.357734
+0.2704,+0.151217
+0.27077,+0.343823
+0.27114,+0.130742
+0.27165,-0.0135132
+0.27202,+0.396304
+0.2724,+0.521716
+0.27277,+0.630338
+0.27314,+0.65763
+0.27365,+0.430088
+0.27402,+0.507888
+0.27439,+0.740284
+0.27478,+0.515176
+0.27515,+0.557832
+0.27565,+0.676759
+0.27602,+0.63731
+0.2764,+0.654091
+0.27677,+0.286392
+0.27714,+0.331
+0.27765,+0.350749
+0.27802,+0.36456
+0.2784,+0.362166
+0.27878,+0.565082
+0.27915,+0.767993
+0.27965,+0.690073
+0.28002,+0.540938
+0.2804,+0.121753
+0.28077,+0.464827
+0.28114,+0.140914
+0.28165,+0.0933112
+0.28281,+0.139095
+0.28304,+0.234424
+0.28329,+0.0666086
+0.28365,+0.256971
+0.28402,+0.521279
+0.28439,+0.776076
+0.28477,+1.08057
+0.28515,+1.12983
+0.28565,+1.47542
+0.28602,+1.78293
+0.28639,+1.71423
+0.28677,+1.76644
+0.28715,+1.84743
+0.28765,+1.97619
+0.28802,+2.09233
+0.28839,+2.116
+0.28877,+2.10874
+0.28914,+1.95281
+0.28965,+1.85134
+0.29002,+1.93162
+0.29039,+2.04017
+0.29077,+1.91454
+0.29114,+2.21738
+0.29165,+2.21069
+0.29202,+2.16657
+0.29239,+2.23863
+0.29277,+2.38424
+0.29314,+2.60952
+0.29365,+2.80797
+0.29403,+2.77559
+0.2944,+2.80807
+0.29477,+2.78
+0.29514,+2.90586
+0.29566,+2.58337
+0.29602,+2.62926
+0.2964,+2.75209
+0.29677,+2.89691
+0.29714,+3.03205
+0.29776,+3.28257
+0.29803,+3.59146
+0.2984,+3.6924
+0.29877,+3.80344
+0.29914,+3.87907
+0.29965,+3.93033
+0.30002,+4.05605
+0.3004,+4.12375
+0.30077,+4.22649
+0.30115,+3.95512
+0.30165,+4.01053
+0.30202,+3.96912
+0.3024,+3.87266
+0.30277,+3.99815
+0.30314,+3.89039
+0.30365,+4.05847
+0.30402,+3.74641
+0.3044,+3.55932
+0.30477,+3.54534
+0.30517,+3.97444
+0.30565,+3.94222
+0.30602,+3.94808
+0.3064,+4.12695
+0.30678,+4.35754
+0.30715,+4.37885
+0.30765,+4.33028
+0.30802,+4.44454
+0.3084,+4.54624
+0.30877,+4.65964
+0.30915,+4.45969
+0.30965,+4.58023
+0.31002,+4.56533
+0.3104,+4.62992
+0.31077,+4.78916
+0.31115,+4.90359
+0.31165,+5.17493
+0.31202,+5.45318
+0.31239,+5.36451
+0.31277,+5.0379
+0.31315,+4.99496
+0.31365,+4.94597
+0.31402,+5.03672
+0.3144,+5.20802
+0.31477,+4.86579
+0.31515,+4.77675
+0.31565,+4.68148
+0.31602,+4.56914
+0.3164,+4.83862
+0.31677,+4.99017
+0.31715,+5.03409
+0.31765,+5.1834
+0.31802,+5.25301
+0.3184,+5.01707
+0.31878,+5.21508
+0.31915,+5.16497
+0.31965,+5.28785
+0.32002,+5.41039
+0.3204,+5.15206
+0.32077,+5.13977
+0.32115,+5.06892
+0.32168,+5.1183
+0.32202,+5.22989
+0.3224,+5.33995
+0.32278,+5.11718
+0.32315,+5.40974
+0.32365,+5.1834
+0.32402,+5.33636
+0.32441,+5.62938
+0.32477,+5.88782
+0.32515,+6.17359
+0.32552,+5.80855
+0.32602,+5.61727
+0.3264,+5.62976
+0.32677,+5.98372
+0.32715,+5.81138
+0.32765,+6.30787
+0.32802,+6.37255
+0.3284,+6.08052
+0.32877,+6.02272
+0.32916,+6.09409
+0.32965,+6.43177
+0.33002,+6.22588
+0.3304,+6.21482
+0.33078,+5.90373
+0.33115,+5.94661
+0.33165,+5.52453
+0.33202,+5.44592
+0.3324,+5.75982
+0.33277,+5.81727
+0.33316,+5.7468
+0.33352,+5.47893
+0.33402,+5.80079
+0.3344,+5.93746
+0.33478,+6.14442
+0.33515,+6.34174
+0.33567,+6.33214
+0.33602,+6.38641
+0.3364,+6.28755
+0.33677,+6.0194
+0.33716,+6.1011
+0.33765,+6.25862
+0.33802,+6.22548
+0.3384,+5.90206
+0.33878,+5.95342
+0.33915,+5.80954
+0.33965,+6.2051
+0.34002,+6.13588
+0.3404,+6.0396
+0.34077,+6.39556
+0.34115,+6.49456
+0.34165,+6.5219
+0.34202,+6.54147
+0.3424,+6.84469
+0.34278,+6.84059
+0.34315,+6.90447
+0.34365,+6.7076
+0.34403,+6.5278
+0.3444,+6.52879
+0.34479,+6.35007
+0.34516,+6.24578
+0.34565,+6.0817
+0.34603,+5.98138
+0.3464,+5.83794
+0.34678,+6.02259
+0.34716,+5.75131
+0.34765,+5.66329
+0.34803,+5.79072
+0.3484,+5.8802
+0.34878,+5.93625
+0.34915,+5.90174
+0.34965,+6.04846
+0.35002,+6.06002
+0.3504,+6.08347
+0.35078,+5.99829
+0.35115,+6.24661
+0.35165,+6.39762
+0.35203,+6.29277
+0.3524,+6.17358
+0.35286,+6.10778
+0.35316,+6.08803
+0.35365,+5.85972
+0.35403,+6.0727
+0.3544,+6.2118
+0.3548,+6.1572
+0.35516,+6.09643
+0.35552,+6.05738
+0.35603,+5.99715
+0.3564,+6.22612
+0.35677,+6.29332
+0.35716,+6.23452
+0.35765,+6.34299
+0.35803,+6.14957
+0.3584,+6.12066
+0.35878,+6.17929
+0.35915,+6.22192
+0.35965,+6.18333
+0.36003,+6.3235
+0.3604,+6.11563
+0.36078,+6.16304
+0.36115,+6.09541
+0.36165,+6.28593
+0.36203,+6.55441
+0.3624,+6.45632
+0.36278,+6.30755
+0.36315,+6.12461
+0.36352,+6.3404
+0.36403,+6.43582
+0.3644,+6.55665
+0.36478,+6.32087
+0.36515,+6.39662
+0.36552,+6.20989
+0.36603,+5.77153
+0.3664,+5.78049
+0.36678,+5.74284
+0.36716,+5.6435
+0.36752,+5.4913
+0.36803,+5.42094
+0.3684,+5.35188
+0.36878,+5.68001
+0.36915,+5.4829
+0.36952,+5.70389
+0.37003,+5.91256
+0.3704,+5.93924
+0.37078,+6.01228
+0.37115,+6.1818
+0.37179,+6.16744
+0.37204,+6.18886
+0.37248,+6.3184
+0.37278,+6.20584
+0.37315,+6.52321
+0.37352,+6.49198
+0.37403,+6.17548
+0.3744,+6.08124
+0.37478,+5.85903
+0.37515,+5.80541
+0.37552,+5.75808
+0.37603,+5.67203
+0.3764,+5.52139
+0.37678,+5.61248
+0.37715,+5.52349
+0.37752,+5.21505
+0.37803,+5.5595
+0.3784,+5.59651
+0.37878,+5.85129
+0.37915,+5.98603
+0.37952,+5.96285
+0.38004,+5.68968
+0.3804,+5.75089
+0.38078,+5.41846
+0.38115,+5.44834
+0.38166,+5.68032
+0.38203,+5.71645
+0.3824,+5.71972
+0.38278,+5.36609
+0.38315,+5.43945
+0.38352,+5.39398
+0.38403,+5.70512
+0.38521,+5.57761
+0.38541,+5.52794
+0.38563,+5.42496
+0.38603,+5.02957
+0.3864,+4.62516
+0.3869,+4.49545
+0.38716,+4.46675
+0.38752,+4.16693
+0.38803,+4.06792
+0.3884,+3.92938
+0.38877,+4.01545
+0.38915,+4.12301
+0.38952,+4.02806
+0.39002,+4.21343
+0.3904,+4.45119
+0.39078,+4.42086
+0.39116,+4.60092
+0.39165,+4.73496
+0.39203,+4.82405
+0.3924,+4.5106
+0.39278,+4.28954
+0.39316,+4.15119
+0.39352,+3.84521
+0.39403,+3.96447
+0.3944,+3.72259
+0.39478,+3.70895
+0.39515,+3.55506
+0.39552,+3.18988
+0.39603,+3.12028
+0.3964,+3.4878
+0.3968,+3.58952
+0.39716,+3.64373
+0.39765,+3.92863
+0.39803,+3.75809
+0.3984,+3.83524
+0.39878,+3.93825
+0.39915,+3.6968
+0.39952,+3.94741
+0.40003,+4.03532
+0.4004,+3.89838
+0.40078,+3.8187
+0.40115,+3.944
+0.40165,+3.81965
+0.40203,+3.81655
+0.4024,+3.85916
+0.40278,+3.61679
+0.40315,+3.59492
+0.40352,+3.40525
+0.40403,+2.97944
+0.4044,+2.87432
+0.40478,+2.84832
+0.40515,+2.52804
+0.40552,+2.49676
+0.40603,+2.39831
+0.4064,+2.24474
+0.40678,+2.07406
+0.40715,+2.29139
+0.40767,+2.32393
+0.40803,+2.43883
+0.4084,+2.21591
+0.40878,+2.16148
+0.40915,+2.17281
+0.40952,+2.16218
+0.41003,+2.23229
+0.4104,+2.17412
+0.41078,+2.4566
+0.41116,+2.37486
+0.41165,+2.27494
+0.41203,+2.08947
+0.4124,+2.09088
+0.41278,+1.86461
+0.41316,+1.7692
+0.41354,+1.81903
+0.41403,+1.80367
+0.4144,+1.71125
+0.41478,+1.25888
+0.41516,+1.29153
+0.41552,+1.15412
+0.41603,+1.336
+0.4164,+1.64663
+0.41678,+1.83755
+0.41728,+1.77795
+0.41765,+1.48336
+0.41803,+1.41322
+0.4184,+1.3995
+0.41878,+1.76343
+0.41916,+1.77479
+0.41952,+1.62138
+0.42003,+1.5176
+0.4204,+1.30607
+0.42078,+0.989943
+0.42116,+1.0041
+0.42165,+1.24036
+0.42203,+1.2123
+0.4224,+1.34603
+0.42278,+1.1017
+0.42316,+0.924721
+0.42353,+1.34021
+0.42407,+1.09358
+0.4244,+1.08785
+0.42478,+1.21702
+0.42516,+1.3334
+0.42552,+1.41438
+0.42603,+1.11366
+0.4264,+0.808316
+0.4268,+0.818408
+0.42717,+1.0541
+0.42753,+0.78277
+0.42803,+0.776965
+0.4284,+0.814722
+0.42878,+0.587304
+0.42916,+0.557092
+0.42952,+0.519543
+0.43003,+0.483955
+0.4304,+0.651408
+0.43078,+0.659101
+0.43116,+0.280603
+0.43165,+0.150057
+0.43203,+0.460055
+0.4324,+0.442394
+0.43278,+0.638515
+0.43315,+0.387474
+0.43353,+0.22208
+0.43403,+0.512072
+0.4344,+0.308085
+0.43478,+0.397653
+0.43516,+0.565388
+0.43553,+0.483756
+0.43603,+0.0848902
+0.4364,-0.159428
+0.43678,-0.136801
+0.43716,-0.25218
+0.43753,-0.527614
+0.43805,-0.725898
+0.43841,-0.768218
+0.43878,-0.890328
+0.43916,-0.983522
+0.43952,-0.715198
+0.44003,-0.544342
+0.4404,-0.423609
+0.44078,-0.334794
+0.44116,-0.0587188
+0.44165,+0.182881
+0.44203,+0.252758
+0.4424,+0.49239
+0.44278,+0.421558
+0.44315,+0.259985
+0.44352,+0.183453
+0.44403,+0.408102
+0.4444,+0.416805
+0.44478,+0.227373
+0.44516,-0.0545595
+0.44553,-0.0417242
+0.44603,-0.0491779
+0.44641,-0.0395014
+0.44681,+0.0359901
+0.4472,+0.0643143
+0.44771,-0.0988004
+0.44806,-0.240028
+0.44844,-0.201085
+0.44882,-0.100566
+0.44922,+0.0927536
+0.44956,+0.0406038
+0.45008,-0.0297847
+0.45045,-0.122035
+0.45083,-0.157799
+0.4512,-0.0769008
+0.4517,+0.173175
+0.45205,+0.0903792
+0.45244,-0.240611
+0.45282,-0.26294
+0.4532,-0.30134
+0.45357,-0.636373
+0.45408,-0.501305
+0.45444,-0.518892
+0.45482,-0.489318
+0.45532,-0.666779
+0.45558,-0.805682
+0.45609,-0.802675
+0.45644,-0.559281
+0.45682,-0.660637
+0.45721,-0.890821
+0.45757,-0.699928
+0.45808,-0.739371
+0.45845,-0.711894
+0.45882,-0.710535
+0.45919,-0.550205
+0.45955,-0.450657
+0.46006,-0.297423
+0.46042,-0.290621
+0.46081,-0.215285
+0.4612,+0.119715
+0.46156,-0.0425973
+0.46209,-0.178142
+0.46244,-0.147181
+0.46282,-0.258285
+0.46319,-0.297205
+0.46357,-0.479062
+0.46406,-0.726389
+0.46445,-1.00883
+0.46484,-1.13054
+0.4652,-1.23008
+0.46557,-0.935599
+0.46608,-0.862849
+0.46645,-0.806391
+0.46683,-0.659957
+0.46721,-0.625071
+0.46757,-0.805459
+0.46808,-0.711135
+0.46843,-0.452242
+0.4688,-0.427206
+0.46931,-0.296451
+0.46968,-0.49921
+0.47007,-0.508248
+0.47044,-0.744078
+0.47082,-0.703282
+0.4712,-0.609522
+0.47157,-0.434233
+0.47207,-0.34981
+0.47244,-0.648461
+0.47283,-0.53278
+0.4732,-0.650675
+0.47358,-0.892528
+0.47408,-0.959467
+0.47444,-0.828174
+0.47491,-0.840061
+0.47522,-0.768307
+0.47555,-0.862663
+0.47608,-1.06709
+0.47646,-0.632835
+0.47683,-0.585819
+0.4772,-0.567959
+0.47758,-0.189181
+0.47809,-0.500332
+0.47845,-0.474266
+0.47883,-0.557826
+0.4792,-0.649061
+0.47957,-0.544962
+0.48007,-0.348436
+0.48043,-0.648656
+0.4808,-0.84154
+0.48118,-0.972215
+0.48156,-1.0523
+0.48208,-0.65391
+0.48244,-1.05646
+0.48282,-1.20726
+0.4832,-1.16393
+0.48357,-1.13075
+0.48407,-1.38183
+0.48445,-1.19952
+0.48483,-1.15698
+0.48519,-1.24236
+0.48558,-1.11725
+0.48608,-1.18976
+0.48644,-0.999493
+0.48761,-0.715683
+0.4879,-0.764277
+0.4882,-0.677953
+0.48845,-0.466412
+0.48882,-0.657704
+0.4892,-0.678494
+0.48958,-0.356716
+0.49008,-0.339249
+0.49046,-0.0509274
+0.49082,+0.108414
+0.49119,+0.12983
+0.49155,+0.024529
+0.49206,-0.0239738
+0.49242,+0.0204975
+0.4928,+0.0426755
+0.4932,+0.197654
+0.49357,+0.0684755
+0.49408,+0.0662568
+0.49445,-0.41864
+0.49481,-0.406111
+0.49519,-0.542334
+0.49557,-0.577547
+0.49609,-0.708957
+0.49644,-0.558824
+0.49682,-0.303617
+0.49719,-0.526094
+0.49757,-0.457538
+0.49808,-0.777684
+0.49846,-0.55705
+0.49883,-0.417374
+0.4992,-0.203214
+0.49958,-0.14323
+0.50009,-0.0893044
+0.50045,-0.17168
+0.50082,-0.161671
+0.50121,+0.136469
+0.50157,+0.173135
+0.50207,+0.158349
+0.50255,+0.0506516
+0.50284,-0.0176875
+0.50318,-0.119548
+0.50355,-0.102952
+0.50407,-0.189341
+0.50444,-0.501975
+0.5048,-0.886448
+0.50516,-1.02845
+0.50553,-1.01294
+0.50603,-0.669338
+0.50641,-0.383168
+0.50679,-0.572023
+0.50716,-0.655758
+0.50753,-0.548719
+0.50803,-0.278679
+0.50841,+0.0653479
+0.50878,+0.395435
+0.50917,+0.58638
+0.50953,+0.496867
+0.51004,+0.55504
+0.51041,+0.424043
+0.51079,+0.370818
+0.51116,+0.329376
+0.51153,+0.2008
+0.51203,-0.0520721
+0.51241,-0.202915
+0.51279,-0.198251
+0.51316,-0.319257
+0.51353,-0.161755
+0.51403,-0.217217
+0.51441,-0.0479143
+0.51479,+0.0955176
+0.51516,-0.126549
+0.51553,-0.0296156
+0.51603,+0.266443
+0.51641,+0.428792
+0.51678,+0.321376
+0.51716,+0.301661
+0.51754,+0.364507
+0.51804,+0.421182
+0.51841,+0.0510645
+0.51879,+0.101727
+0.51916,+0.492058
+0.51953,+0.510433
+0.52003,+0.263568
+0.52041,+0.126796
+0.52079,+0.132707
+0.52116,+0.154428
+0.52153,+0.0598011
+0.52204,+0.0326375
+0.52241,+0.357974
+0.52279,+0.475479
+0.52316,+0.262525
+0.52353,+0.354389
+0.52404,+0.604372
+0.52441,+0.373428
+0.52478,+0.477463
+0.52516,+0.479013
+0.52554,+0.220862
+0.52604,-0.17236
+0.52652,-0.15375
+0.52679,-6.70374e-006
+0.52716,+0.162416
+0.52753,+0.201965
+0.52803,+0.181813
+0.52841,+0.314642
+0.52879,+0.310051
+0.52918,+0.222674
+0.52954,+0.269013
+0.53004,+0.775448
+0.53041,+0.662803
+0.53079,+0.524835
+0.53116,+0.512598
+0.53153,+0.477201
+0.53204,+0.401847
+0.53241,+0.456303
+0.53279,+0.568667
+0.53316,+0.795153
+0.53354,+0.951264
+0.53404,+0.874272
+0.53441,+0.789731
+0.53479,+0.691519
+0.53516,+0.413216
+0.53553,+0.318382
+0.53604,+0.317807
+0.53641,+0.52565
+0.53679,+0.384781
+0.53716,+0.177881
+0.53754,+0.0217046
+0.53804,+0.00168818
+0.53841,-0.0294513
+0.53879,-0.0865933
+0.53916,+0.149828
+0.53953,+0.161586
+0.54004,+0.161626
+0.54044,+0.0454098
+0.5408,-0.13457
+0.54116,+0.00859302
+0.54153,+0.174324
+0.54204,+0.17358
+0.54241,+0.381475
+0.54279,+0.191553
+0.54316,+0.196585
+0.54354,+0.236042
+0.54404,-0.075327
+0.54441,-0.308418
+0.54479,-0.131138
+0.54516,-0.254259
+0.54554,-0.190662
+0.54604,-0.207718
+0.54641,-0.313481
+0.54679,-0.0101865
+0.54716,-0.29986
+0.54754,-0.205677
+0.54804,+0.145408
+0.54841,+0.414724
+0.54879,+0.393282
+0.5493,+0.526566
+0.54954,+0.458953
+0.55004,+0.385583
+0.55041,+0.42676
+0.55079,+0.378789
+0.55116,+0.732725
+0.55153,+0.728483
+0.55204,+0.804519
+0.55241,+0.845102
+0.55279,+0.975073
+0.55316,+0.673257
+0.55355,+0.361247
+0.55404,+0.560166
+0.55441,+0.713627
+0.55479,+0.846168
+0.55516,+0.866868
+0.55554,+0.850164
+0.55604,+0.721517
+0.55641,+0.402032
+0.55679,+0.115458
+0.55716,+0.360301
+0.55754,+0.686922
+0.55793,+0.461406
+0.55842,+0.460999
+0.55879,+0.121697
+0.55917,+0.0206845
+0.55954,+0.011656
+0.56004,-0.263264
+0.56041,-0.0786468
+0.56079,+0.136272
+0.56116,-0.127324
+0.56154,-0.518422
+0.56204,-0.399943
+0.56241,-0.595126
+0.56279,-0.583534
+0.56316,-0.691283
+0.56354,-0.826061
+0.56404,-0.616638
+0.56441,-0.622863
+0.56479,-0.648271
+0.56516,-0.417955
+0.56554,-0.1603
+0.56604,-0.404505
+0.56642,-0.499749
+0.56679,-0.269841
+0.56717,-0.336396
+0.56754,-0.33189
+0.56804,-0.308043
+0.56842,-0.505056
+0.56879,-0.619072
+0.56929,-0.435066
+0.56954,-0.528128
+0.57004,-0.33543
+0.57041,-0.24171
+0.57079,-0.36166
+0.57117,-0.0125094
+0.57154,-0.00166962
+0.57204,-0.0100452
+0.57241,+0.303135
+0.57279,+0.30054
+0.57316,+0.188529
+0.57354,+0.255856
+0.57391,+0.233485
+0.57442,+0.199027
+0.57479,+0.271034
+0.57517,+0.148566
+0.57554,+0.221056
+0.57591,+0.0479335
+0.57641,-0.106805
+0.57679,-0.0267024
+0.57727,-0.0225487
+0.57754,+0.148494
+0.57791,+0.170422
+0.57842,+0.398383
+0.5788,+0.401804
+0.57917,+0.427011
+0.57954,+0.227583
+0.58004,+0.579767
+0.58042,+0.640694
+0.58079,+0.778678
+0.58117,+0.546917
+0.58154,+0.3445
+0.58204,+0.137187
+0.58242,-0.0771804
+0.58279,-0.0629485
+0.58317,-0.0798333
+0.58354,+0.0931453
+0.58391,+0.0304113
+0.58442,+0.0884682
+0.5848,-0.0183906
+0.58517,+0.16707
+0.58554,+0.411434
+0.58604,+0.79122
+0.58641,+0.685071
+0.58679,+0.764442
+0.58716,+0.691529
+0.58754,+0.317713
+0.58791,+0.109454
+0.58842,+0.212195
+0.58879,+0.130737
+0.59001,-0.0978197
+0.59023,+0.0386144
+0.59047,+0.0930078
+0.59079,+0.164107
+0.59116,+0.232069
+0.59153,+0.331112
+0.59204,+0.71735
+0.59241,+0.738807
+0.59279,+0.741605
+0.59316,+0.641344
+0.59354,+1.04947
+0.59391,+1.00612
+0.59441,+1.01485
+0.59479,+1.2747
+0.59516,+1.36987
+0.59554,+1.5339
+0.59591,+1.71299
+0.59641,+2.03819
+0.59679,+2.00851
+0.59716,+2.48361
+0.59754,+2.44733
+0.59791,+2.26811
+0.59841,+2.18541
+0.59879,+1.98995
+0.59916,+1.85519
+0.59967,+1.92418
+0.60004,+1.77512
+0.60042,+1.61954
+0.60079,+1.58924
+0.60116,+1.5263
+0.60157,+1.69176
+0.60204,+1.98501
+0.60242,+2.14507
+0.60281,+2.00682
+0.60317,+1.94467
+0.60355,+1.93766
+0.60391,+2.31452
+0.60441,+2.50608
+0.60479,+2.82955
+0.60517,+2.86133
+0.60554,+2.84314
+0.60591,+2.91284
+0.60642,+3.03838
+0.60679,+3.26295
+0.60716,+3.43611
+0.60754,+3.5245
+0.60791,+3.40501
+0.60841,+3.39589
+0.60879,+3.34943
+0.60916,+3.23088
+0.60954,+3.31327
+0.60991,+3.44683
+0.61042,+3.17163
+0.61079,+3.12276
+0.61117,+3.07152
+0.61154,+2.94046
+0.61211,+3.0297
+0.61242,+3.26906
+0.61279,+3.23575
+0.61317,+3.21943
+0.61354,+3.08724
+0.61391,+3.07927
+0.61442,+3.29522
+0.61479,+3.45003
+0.61517,+3.84796
+0.61555,+4.04633
+0.61591,+4.04639
+0.61642,+4.1191
+0.61679,+4.3963
+0.61717,+4.51015
+0.61754,+4.81513
+0.61791,+4.96485
+0.61844,+5.10528
+0.6188,+4.83555
+0.61917,+4.71925
+0.61954,+4.8179
+0.61992,+5.09531
+0.62042,+5.12656
+0.62079,+5.1285
+0.62117,+5.3462
+0.62154,+5.2384
+0.62204,+4.96042
+0.62242,+4.79657
+0.62279,+4.98442
+0.62317,+5.03204
+0.62354,+4.94442
+0.62391,+4.61748
+0.62442,+4.63393
+0.62479,+4.69972
+0.62517,+4.87347
+0.62555,+5.08334
+0.62591,+5.21404
+0.62642,+5.19256
+0.6268,+5.44519
+0.62717,+5.54524
+0.62755,+5.50042
+0.62792,+5.97084
+0.62842,+5.89121
+0.62882,+5.66666
+0.62918,+5.47831
+0.62955,+5.39804
+0.63004,+5.77814
+0.63042,+6.32614
+0.6308,+6.28458
+0.63117,+6.41939
+0.63156,+6.59336
+0.63205,+6.11479
+0.63242,+6.18494
+0.63279,+6.12879
+0.63317,+6.12687
+0.63354,+6.28198
+0.63391,+6.19512
+0.63442,+5.78224
+0.6348,+5.83496
+0.63517,+5.8097
+0.63555,+5.72772
+0.63592,+6.07777
+0.63642,+6.18417
+0.63679,+6.46992
+0.63717,+6.72921
+0.63754,+6.63835
+0.63792,+6.63347
+0.63842,+6.74542
+0.6388,+6.72466
+0.63917,+6.86236
+0.63954,+6.95848
+0.63991,+6.98013
+0.64054,+7.01562
+0.64079,+6.89848
+0.64117,+6.96016
+0.64155,+7.06021
+0.64191,+6.76972
+0.64242,+6.72264
+0.64282,+6.77037
+0.64317,+6.69826
+0.64355,+6.71996
+0.64392,+6.60264
+0.64442,+6.32268
+0.64479,+6.42874
+0.64517,+6.38078
+0.64555,+6.33399
+0.64604,+6.32377
+0.64642,+6.39487
+0.6468,+6.59651
+0.64717,+6.68693
+0.64755,+6.52288
+0.64792,+6.58536
+0.64842,+6.82928
+0.64879,+6.61642
+0.64917,+6.34041
+0.64954,+6.193
+0.64991,+6.33849
+0.65042,+6.41852
+0.6508,+6.17389
+0.65117,+5.73762
+0.65154,+5.66609
+0.65192,+5.71317
+0.65242,+5.6156
+0.6528,+5.89906
+0.65317,+6.06958
+0.65355,+6.22717
+0.65404,+6.33447
+0.65442,+6.33791
+0.6548,+6.43797
+0.65517,+6.41418
+0.65554,+6.61434
+0.65592,+6.68143
+0.65642,+6.58576
+0.6568,+6.5549
+0.65717,+6.64168
+0.65755,+6.56091
+0.65792,+6.61563
+0.65842,+6.61857
+0.65881,+6.49988
+0.65917,+6.69654
+0.65955,+6.74229
+0.65992,+6.54725
+0.66044,+6.57739
+0.6608,+6.54162
+0.66117,+6.45952
+0.66155,+6.47268
+0.66192,+6.37175
+0.66242,+6.26379
+0.6628,+6.17799
+0.66317,+6.25085
+0.66354,+6.25267
+0.66392,+6.2442
+0.66442,+6.32738
+0.66479,+6.42688
+0.66517,+6.53254
+0.66554,+6.49127
+0.66592,+6.47221
+0.66642,+6.62348
+0.6668,+6.64481
+0.66717,+6.43262
+0.66755,+6.40483
+0.66792,+6.5654
+0.66842,+6.53981
+0.6688,+6.39263
+0.66917,+6.29294
+0.66955,+6.24675
+0.66992,+6.30499
+0.67042,+6.01685
+0.67093,+5.95429
+0.67117,+5.98779
+0.67154,+5.80093
+0.67205,+5.56521
+0.67242,+5.4407
+0.6728,+5.44196
+0.67317,+5.5202
+0.67355,+5.40737
+0.67392,+5.36762
+0.67442,+5.54234
+0.6748,+5.72737
+0.67517,+5.87682
+0.67555,+6.05687
+0.67592,+6.17958
+0.67642,+6.05387
+0.6768,+5.9415
+0.67717,+5.82543
+0.67768,+6.04509
+0.67805,+5.82104
+0.67842,+5.77563
+0.6788,+5.79821
+0.67917,+5.72934
+0.67966,+5.69474
+0.67992,+5.69397
+0.68042,+5.76235
+0.6808,+5.82006
+0.68117,+5.78377
+0.68155,+5.70775
+0.68192,+5.8862
+0.68242,+5.94955
+0.6828,+5.88141
+0.68317,+5.68004
+0.68355,+5.45176
+0.68392,+5.37562
+0.68442,+5.56861
+0.6848,+5.65564
+0.68517,+5.55436
+0.68555,+5.64157
+0.68595,+5.59112
+0.68643,+5.34387
+0.6868,+5.1499
+0.68718,+5.02912
+0.68756,+5.17466
+0.68792,+5.11307
+0.68842,+5.1666
+0.6888,+4.94642
+0.68917,+5.02108
+0.68955,+4.91005
+0.68992,+4.91154
+0.69042,+5.02462
+0.6908,+5.04128
+0.69117,+5.20372
+0.69155,+5.21101
+0.69241,+5.3411
+0.69262,+5.04721
+0.69289,+5.21586
+0.69317,+5.14031
+0.69355,+5.16359
+0.69392,+5.16329
+0.69442,+4.97337
+0.6948,+5.19159
+0.69517,+5.14185
+0.69554,+5.25779
+0.69592,+5.15693
+0.69642,+5.29651
+0.69679,+4.96145
+0.69717,+5.12592
+0.69755,+5.12097
+0.69792,+5.13576
+0.69842,+5.48538
+0.6988,+5.31151
+0.69917,+5.26422
+0.69955,+5.23547
+0.69992,+5.1611
+0.70042,+5.0413
+0.70079,+5.27567
+0.70117,+5.20235
+0.70154,+4.90725
+0.70192,+4.85806
+0.70242,+4.85312
+0.7028,+4.99765
+0.70317,+5.31413
+0.70355,+5.34962
+0.70394,+5.47795
+0.70442,+5.6518
+0.7048,+5.74866
+0.70518,+5.80449
+0.70556,+5.82357
+0.70592,+5.96328
+0.70642,+5.83344
+0.7068,+5.6271
+0.70717,+5.59505
+0.70756,+5.62868
+0.70792,+5.55232
+0.70842,+5.64514
+0.7088,+5.44068
+0.70917,+5.43906
+0.70955,+5.40273
+0.70992,+5.27792
+0.71042,+5.28354
+0.7108,+5.35447
+0.71117,+5.15896
+0.71167,+5.22128
+0.71192,+5.13325
+0.71242,+4.82836
+0.7128,+5.14661
+0.71317,+5.26623
+0.71355,+5.52734
+0.71392,+5.43666
+0.71449,+5.51924
+0.7148,+5.61414
+0.71517,+5.45122
+0.71555,+5.14683
+0.71592,+4.86247
+0.71642,+5.03962
+0.7168,+4.91873
+0.71717,+4.75987
+0.71755,+4.62457
+0.71792,+4.70875
+0.71842,+4.30386
+0.7188,+4.33434
+0.71917,+4.57898
+0.71955,+4.80026
+0.71992,+5.27432
+0.72042,+5.13996
+0.7208,+5.11361
+0.7213,+4.9339
+0.72155,+5.14001
+0.72192,+5.23376
+0.72242,+5.50518
+0.7228,+5.38323
+0.72317,+5.30189
+0.72355,+5.18172
+0.72392,+5.10385
+0.72442,+5.14382
+0.7248,+4.89275
+0.72517,+4.96043
+0.72555,+4.54686
+0.72592,+4.43867
+0.72642,+4.55147
+0.7268,+4.55374
+0.72717,+4.61145
+0.72755,+4.62156
+0.72792,+4.661
+0.72842,+4.62818
+0.7288,+4.84379
+0.72917,+4.97407
+0.72955,+5.3034
+0.72992,+5.40326
+0.73042,+5.11434
+0.7308,+5.09568
+0.73117,+5.11402
+0.73158,+5.14058
+0.73192,+5.15207
+0.73242,+5.27907
+0.7328,+5.25171
+0.73317,+5.30448
+0.73355,+5.06121
+0.73397,+4.69804
+0.73443,+4.66048
+0.7348,+4.58724
+0.73517,+4.61186
+0.73555,+4.39717
+0.73592,+4.24211
+0.73642,+4.14285
+0.7368,+4.15026
+0.73717,+3.6611
+0.73755,+4.03248
+0.73792,+4.37365
+0.73843,+4.32395
+0.7388,+4.38174
+0.73917,+4.4646
+0.73955,+4.57099
+0.73992,+4.41175
+0.74042,+4.53279
+0.7408,+4.41425
+0.74117,+4.63946
+0.74155,+4.26367
+0.74205,+4.00027
+0.74242,+4.07723
+0.7428,+4.05983
+0.74317,+3.92932
+0.74356,+3.80984
+0.74392,+4.00037
+0.74442,+3.88967
+0.7448,+3.96839
+0.74519,+4.08957
+0.74555,+4.11491
+0.74592,+4.05427
+0.74643,+4.01502
+0.7468,+4.06625
+0.74717,+3.99204
+0.74755,+4.14077
+0.74792,+3.95244
+0.74842,+3.71719
+0.7488,+3.39026
+0.74917,+3.1834
+0.74955,+3.21369
+0.74993,+3.32939
+0.75043,+3.47154
+0.7508,+3.08316
+0.75117,+2.97312
+0.75168,+2.82163
+0.75205,+2.81804
+0.75243,+3.10848
+0.7528,+3.19108
+0.75318,+3.21622
+0.75355,+3.12306
+0.75394,+3.18581
+0.75443,+3.01533
+0.7548,+3.13936
+0.75518,+3.00588
+0.75555,+2.98157
+0.75593,+2.99339
+0.75642,+2.84558
+0.7568,+3.05375
+0.75717,+3.08272
+0.75755,+2.95087
+0.75792,+2.5557
+0.75843,+2.54217
+0.7588,+2.73935
+0.75918,+2.77942
+0.75955,+2.6548
+0.75992,+2.57656
+0.76043,+2.39793
+0.7608,+2.22194
+0.76117,+1.94471
+0.76155,+2.27866
+0.76192,+2.53843
+0.76245,+2.69446
+0.76282,+2.36146
+0.76318,+2.41174
+0.76355,+2.48171
+0.76393,+2.47528
+0.76443,+2.18522
+0.7648,+2.18834
+0.76518,+2.37957
+0.76555,+2.1764
+0.76593,+2.09793
+0.76643,+2.10456
+0.7668,+2.30734
+0.76718,+2.16157
+0.76756,+2.18264
+0.76792,+2.26021
+0.76843,+2.60318
+0.7688,+2.57274
+0.76918,+2.57653
+0.76955,+2.51356
+0.76992,+2.27307
+0.77043,+1.93625
+0.7708,+1.73997
+0.77118,+1.66451
+0.77155,+1.60196
+0.77193,+1.514
+0.77243,+1.47057
+0.7728,+1.24267
+0.77318,+1.20091
+0.77355,+0.832724
+0.77392,+0.795335
+0.77443,+0.61932
+0.7748,+0.642139
+0.77518,+0.579653
+0.77556,+0.372546
+0.77593,+0.123362
+0.77643,+0.0628848
+0.7768,+0.158862
+0.77718,+0.104922
+0.77755,+0.250806
+0.77792,+0.139935
+0.77843,+0.357446
+0.7788,+0.28912
+0.77918,+0.361893
+0.77955,+0.440182
+0.77993,+0.708109
+0.78043,+0.678832
+0.7808,+0.379884
+0.78118,+0.242796
+0.78156,+0.397832
+0.78208,+0.716421
+0.78243,+0.721069
+0.78281,+0.61783
+0.78318,+0.712215
+0.78356,+0.372133
+0.78393,+0.209717
+0.78443,+0.119762
+0.7848,+0.299008
+0.78518,+0.415992
+0.78556,+0.428628
+0.78593,+0.396122
+0.78643,+0.256978
+0.78681,+0.30305
+0.78718,+0.0847791
+0.78755,+0.258328
+0.78793,+0.122362
+0.78843,+0.0305617
+0.7888,-0.0307631
+0.78918,-0.226024
+0.78956,-0.633368
+0.78993,-0.883131
+0.79043,-0.846821
+0.79083,-1.02303
+0.79121,-1.13101
+0.79158,-1.36274
+0.79194,-1.44481
+0.79243,-1.3843
+0.79281,-1.19547
+0.79318,-1.2984
+0.79355,-1.42961
+0.79481,-1.27743
+0.79501,-1.64997
+0.79523,-1.56423
+0.79556,-1.66653
+0.79593,-1.51431
+0.79643,-1.71625
+0.7968,-1.92408
+0.79718,-2.0249
+0.79755,-2.07911
+0.79793,-1.85081
+0.79843,-2.39197
+0.79881,-2.38372
+0.79918,-2.46222
+0.79956,-2.33361
+0.79993,-2.46403
+0.80043,-2.19665
+0.80081,-2.06656
+0.80118,-2.14999
+0.80155,-2.05414
+0.80194,-2.21853
+0.80243,-2.07252
+0.80281,-2.20729
+0.80318,-2.12047
+0.80356,-2.09457
+0.80393,-1.93138
+0.80432,-2.07029
+0.80481,-2.361
+0.80518,-2.87429
+0.80555,-2.95317
+0.80593,-2.59406
+0.80643,-2.51799
+0.80681,-2.25533
+0.80718,-2.15503
+0.80757,-2.4565
+0.80793,-2.72042
+0.80843,-2.82747
+0.80881,-2.6716
+0.80918,-2.24734
+0.80955,-2.12126
+0.80994,-2.25098
+0.81043,-2.47019
+0.81081,-2.6703
+0.81118,-2.74618
+0.81155,-2.42331
+0.81193,-2.24474
+0.81243,-2.30068
+0.81281,-2.48869
+0.81318,-2.52295
+0.81356,-2.78026
+0.81394,-3.11724
+0.81443,-2.80857
+0.81481,-2.60979
+0.81518,-2.81361
+0.81556,-3.07297
+0.81593,-3.02346
+0.81643,-3.0833
+0.81691,-2.89246
+0.81718,-3.19871
+0.81756,-3.3339
+0.81793,-3.45163
+0.81843,-3.47012
+0.81881,-3.45378
+0.81918,-3.16952
+0.81956,-3.21131
+0.81993,-3.25388
+0.82044,-2.98577
+0.82081,-3.149
+0.82118,-2.77394
+0.82155,-2.5906
+0.82193,-2.54697
+0.82244,-2.9164
+0.82281,-3.00692
+0.8232,-3.33488
+0.82356,-3.36408
+0.82394,-3.43148
+0.82443,-3.74347
+0.82481,-3.80699
+0.82518,-4.01611
+0.82556,-4.22093
+0.82593,-4.04358
+0.82643,-3.68622
+0.82681,-3.63695
+0.82718,-3.31293
+0.82756,-3.1838
+0.82794,-3.16462
+0.82843,-3.22697
+0.82881,-2.9489
+0.82918,-2.8701
+0.82956,-2.49943
+0.82994,-2.43921
+0.83044,-2.46555
+0.83082,-2.81912
+0.83118,-3.12651
+0.83156,-3.0572
+0.83193,-3.3172
+0.83243,-3.18006
+0.83281,-3.37248
+0.83318,-3.29841
+0.83356,-3.5621
+0.83396,-3.76143
+0.83444,-3.91126
+0.83481,-3.92064
+0.83518,-3.65892
+0.83556,-3.77486
+0.83594,-3.70226
+0.83645,-3.48488
+0.83681,-3.27486
+0.83718,-3.38588
+0.83756,-3.28494
+0.83794,-2.97001
+0.83843,-2.77358
+0.83881,-2.36149
+0.83918,-2.41709
+0.83956,-2.40066
+0.83994,-2.40936
+0.84043,-2.39921
+0.84081,-2.57816
+0.84118,-2.5436
+0.84156,-2.60341
+0.84194,-2.88839
+0.84244,-3.2194
+0.84281,-3.38018
+0.84318,-3.24787
+0.84356,-3.20988
+0.84394,-2.98783
+0.8443,-2.93745
+0.84481,-2.77269
+0.84518,-2.80991
+0.84556,-2.88301
+0.84594,-2.63429
+0.84643,-2.27006
+0.84681,-2.17247
+0.84719,-2.5451
+0.84757,-2.72757
+0.84794,-2.65926
+0.84844,-2.59471
+0.84881,-2.76173
+0.84918,-2.67127
+0.84956,-2.49115
+0.84993,-2.84332
+0.85043,-3.09336
+0.85081,-3.16008
+0.85118,-2.92213
+0.85156,-2.65152
+0.85194,-2.75339
+0.85231,-3.00862
+0.85281,-3.03788
+0.85331,-3.36855
+0.85356,-3.37876
+0.85393,-3.09262
+0.85444,-2.95283
+0.85484,-2.89516
+0.85519,-3.03765
+0.85556,-3.35548
+0.85594,-3.33516
+0.85644,-3.25477
+0.85681,-3.22478
+0.85718,-2.91535
+0.85756,-3.14288
+0.85794,-3.38864
+0.85831,-3.40266
+0.85881,-3.39431
+0.85919,-3.31356
+0.85956,-3.04813
+0.85994,-3.08673
+0.86031,-3.06058
+0.86081,-3.19889
+0.86118,-3.60827
+0.86156,-3.63313
+0.86193,-3.49736
+0.86231,-3.34027
+0.86282,-3.61259
+0.86319,-3.5652
+0.86356,-3.63359
+0.86394,-3.86919
+0.86431,-3.84396
+0.86489,-3.67784
+0.86519,-3.34553
+0.86556,-3.23575
+0.86594,-3.2115
+0.86631,-3.48266
+0.86682,-3.28646
+0.86719,-3.49712
+0.86756,-3.25346
+0.86794,-3.28582
+0.86831,-3.29125
+0.86881,-3.24628
+0.86918,-3.51805
+0.86956,-3.47087
+0.86993,-3.42022
+0.87031,-3.26211
+0.87081,-3.41337
+0.87119,-3.18247
+0.87157,-3.46693
+0.87193,-3.38665
+0.87231,-3.69898
+0.87281,-3.86078
+0.87319,-3.50751
+0.87356,-3.63205
+0.87393,-3.81065
+0.87431,-4.13893
+0.87482,-3.94842
+0.87519,-3.89274
+0.87556,-3.97984
+0.87594,-3.96911
+0.87631,-3.73659
+0.87681,-3.69154
+0.87719,-3.77982
+0.87756,-3.47371
+0.87793,-3.19774
+0.87831,-2.97646
+0.87882,-3.06242
+0.87919,-3.05797
+0.87957,-2.97657
+0.87994,-2.67775
+0.88031,-2.68547
+0.88082,-2.48221
+0.88119,-2.33868
+0.88157,-2.39366
+0.88194,-2.50246
+0.88231,-2.37643
+0.88282,-2.45061
+0.88319,-2.62312
+0.88356,-2.70517
+0.88394,-2.75998
+0.88431,-2.50018
+0.88483,-2.65944
+0.88519,-2.78097
+0.88556,-3.02096
+0.88594,-3.03582
+0.88631,-3.02101
+0.88682,-2.86722
+0.88719,-2.74421
+0.88756,-2.39307
+0.88794,-2.4131
+0.88831,-2.53058
+0.88881,-2.58723
+0.88919,-2.43214
+0.88956,-2.12703
+0.88994,-2.00152
+0.89031,-2.03436
+0.89082,-1.76969
+0.89119,-1.74014
+0.89156,-1.85762
+0.89194,-1.88521
+0.89231,-2.13753
+0.89282,-1.95956
+0.89319,-2.00179
+0.89356,-2.11372
+0.89394,-2.12182
+0.89431,-2.05956
+0.89482,-2.20132
+0.89519,-2.24823
+0.89556,-2.09862
+0.89594,-1.85746
+0.89631,-1.63306
+0.89721,-1.44854
+0.89745,-1.36843
+0.89766,-1.43907
+0.89794,-1.35931
+0.89831,-1.19847
+0.89882,-1.13529
+0.89919,-1.25635
+0.89956,-1.28284
+0.89993,-1.14588
+0.90031,-1.02723
+0.90081,-1.05002
+0.90119,-1.08206
+0.90156,-0.741877
+0.90194,-0.574246
+0.90231,-0.564922
+0.90282,-0.740755
+0.90319,-0.205148
+0.90369,-0.0040816
+0.90396,-0.185065
+0.90431,-0.333997
+0.90481,-0.224354
+0.90519,-0.116458
+0.90556,-0.370358
+0.90594,-0.408031
+0.90631,-0.28524
+0.90682,-0.232703
+0.9072,-0.563388
+0.90756,-0.929702
+0.90794,-1.05988
+0.90831,-0.991905
+0.90881,-1.11109
+0.90919,-1.12936
+0.90956,-0.767261
+0.90995,-1.00194
+0.91031,-1.32316
+0.91082,-1.01089
+0.91119,-0.689362
+0.91157,-0.358125
+0.91194,-0.148587
+0.91233,+0.0737435
+0.91282,+0.252749
+0.91319,+0.126181
+0.91357,-0.126764
+0.91394,+0.281553
+0.91431,+0.335037
+0.91482,+0.361866
+0.91519,+0.452225
+0.91556,+0.438999
+0.91594,+0.307279
+0.91631,+0.392978
+0.91681,+0.169626
+0.91719,+0.493475
+0.91756,+0.859333
+0.91794,+0.717262
+0.91831,+0.906745
+0.91882,+0.892453
+0.91929,+0.929644
+0.91957,+1.08146
+0.91994,+1.08176
+0.92031,+0.991265
+0.92081,+1.18312
+0.92119,+1.26555
+0.92156,+1.26236
+0.92194,+1.3802
+0.92231,+1.58991
+0.92282,+1.73362
+0.92319,+1.56914
+0.92356,+1.40738
+0.92395,+1.86701
+0.92431,+1.86026
+0.92481,+1.71373
+0.92519,+1.81547
+0.92556,+1.80921
+0.92594,+1.89572
+0.92631,+1.70316
+0.92682,+1.69321
+0.92719,+1.90743
+0.92756,+1.92029
+0.92794,+1.7183
+0.92831,+1.95149
+0.92881,+2.4767
+0.92919,+2.44684
+0.92956,+2.58802
+0.92994,+2.56027
+0.93031,+2.9365
+0.93082,+2.8458
+0.93119,+2.87238
+0.93156,+2.83712
+0.93195,+2.9601
+0.93231,+3.16681
+0.93281,+3.01086
+0.93319,+3.12053
+0.93356,+3.00964
+0.93407,+3.25101
+0.93431,+3.10438
+0.93482,+3.40542
+0.93519,+3.45353
+0.93557,+3.5972
+0.93595,+3.61751
+0.93633,+3.52365
+0.93682,+3.60027
+0.93719,+3.56506
+0.93757,+3.7346
+0.93795,+3.47883
+0.93831,+3.66486
+0.93884,+3.65239
+0.93919,+3.71814
+0.93957,+3.93064
+0.93994,+4.03805
+0.94031,+3.96947
+0.94081,+3.98259
+0.94119,+4.03709
+0.94157,+4.14402
+0.94195,+4.39742
+0.94231,+4.29742
+0.94282,+4.30111
+0.94319,+4.33119
+0.94357,+4.10388
+0.94396,+4.11607
+0.94431,+4.24894
+0.94482,+4.34365
+0.94519,+4.34611
+0.94557,+3.9307
+0.94594,+4.07994
+0.94631,+3.82324
+0.94682,+3.8396
+0.94719,+3.84931
+0.94757,+4.08833
+0.94795,+4.12193
+0.94831,+4.04153
+0.94882,+4.01155
+0.94919,+3.97457
+0.94957,+4.4133
+0.94996,+4.20237
+0.95032,+4.73232
+0.95082,+4.50967
+0.95119,+4.54594
+0.95157,+4.60839
+0.95194,+4.39983
+0.95231,+4.35311
+0.95282,+4.15827
+0.95319,+3.87539
+0.95357,+3.65759
+0.95394,+3.53798
+0.95431,+3.17426
+0.95482,+3.28107
+0.95519,+3.35181
+0.95557,+3.19074
+0.95594,+3.3777
+0.95631,+3.57061
+0.95682,+3.5994
+0.95719,+4.08541
+0.95782,+4.35406
+0.95807,+4.66077
+0.95858,+4.78356
+0.95887,+4.69046
+0.95932,+4.55293
+0.95969,+4.4533
+0.96007,+4.52277
+0.96031,+4.60251
+0.96082,+4.8127
+0.96119,+4.5405
+0.96157,+4.31009
+0.96195,+4.09373
+0.96232,+4.02167
+0.96282,+4.28963
+0.96319,+4.26142
+0.96357,+4.6467
+0.96395,+4.69943
+0.96444,+4.64402
+0.96482,+4.45492
+0.96519,+4.66205
+0.96557,+4.8333
+0.96595,+4.71866
+0.96632,+4.84284
+0.96682,+4.90733
+0.96731,+4.80461
+0.96757,+4.66831
+0.96794,+4.51788
+0.96831,+4.42771
+0.96882,+4.70617
+0.96919,+4.48062
+0.96957,+4.36376
+0.96995,+4.34096
+0.97032,+4.48372
+0.97082,+4.30263
+0.97119,+4.51954
+0.97157,+4.28337
+0.97195,+4.47578
+0.97232,+4.43369
+0.97282,+4.40589
+0.97319,+4.71393
+0.97357,+4.66994
+0.97394,+4.86116
+0.97432,+4.66065
+0.97482,+4.64952
+0.97519,+4.7357
+0.97557,+4.84739
+0.97595,+4.84265
+0.97632,+4.8791
+0.97682,+4.53055
+0.97719,+4.38529
+0.97757,+4.2643
+0.97794,+4.36703
+0.97832,+4.55337
+0.97882,+4.70992
+0.97919,+4.54952
+0.97957,+4.52948
+0.97995,+4.35038
+0.98032,+4.44288
+0.98082,+4.44743
+0.98119,+4.32326
+0.98157,+4.44244
+0.98195,+4.50659
+0.98232,+4.30203
+0.98282,+4.18081
+0.9832,+4.03934
+0.98357,+4.38591
+0.98395,+4.44339
+0.98432,+4.30979
+0.98482,+4.44954
+0.98519,+4.61884
+0.98557,+4.71734
+0.98594,+4.72047
+0.98632,+4.73734
+0.98686,+4.79916
+0.9872,+4.94863
+0.98757,+4.96756
+0.98795,+4.96402
+0.98832,+4.62655
+0.98882,+4.57734
+0.98919,+4.27923
+0.98957,+4.13166
+0.98995,+4.1581
+0.99032,+4.14233
+0.99082,+4.09921
+0.99119,+4.08089
+0.99157,+4.0011
+0.99195,+4.06546
+0.99232,+4.54358
+0.99282,+4.75774
+0.9932,+4.8339
+0.99357,+4.9983
+0.99395,+4.67247
+0.99433,+4.76539
+0.99483,+4.80675
+0.9952,+4.9044
+0.99557,+4.78208
+0.99595,+4.62986
+0.99632,+4.41181
+0.99682,+4.19222
+0.99719,+4.25192
+0.99757,+3.98824
+0.99795,+4.08928
+0.99832,+4.08983
+0.99961,+3.87156
+0.99981,+3.89259
+1.00009,+3.89093
+1.00033,+4.07978
+1.00082,+4.22655
+1.0012,+4.42125
+1.00157,+4.24597
+1.00195,+4.56839
+1.00232,+4.65196
+1.00282,+4.58271
+1.0032,+4.58441
+1.00357,+4.76121
+1.00395,+4.6803
+1.00432,+4.35226
+1.00482,+4.21431
+1.00621,+3.92018
+1.00647,+4.04985
+1.00673,+3.91324
+1.00702,+3.83807
+1.00721,+3.88544
+1.00757,+4.0717
+1.00796,+4.00233
+1.00832,+4.0113
+1.00882,+4.14819
+1.0092,+4.00874
+1.00957,+3.98841
+1.00995,+3.97996
+1.01032,+3.88121
+1.01083,+3.92734
+1.0112,+3.96544
+1.01157,+4.15078
+1.01195,+4.20232
+1.01234,+4.04275
+1.01282,+3.84992
+1.0132,+4.16204
+1.01357,+4.5215
+1.01395,+4.42042
+1.01432,+4.31479
+1.01483,+4.06855
+1.0152,+4.00153
+1.01557,+3.55638
+1.01595,+3.59038
+1.01632,+3.81792
+1.01682,+4.16867
+1.0172,+4.17398
+1.01757,+3.8241
+1.01795,+3.74056
+1.01833,+3.96697
+1.01883,+4.17367
+1.0192,+3.92845
+1.01957,+4.10858
+1.01995,+4.10376
+1.02033,+4.25041
+1.02083,+4.19442
+1.0212,+4.16324
+1.02157,+4.41086
+1.02195,+4.5376
+1.02232,+4.42147
+1.02285,+4.43729
+1.0232,+4.78065
+1.02358,+4.63135
+1.02395,+4.78612
+1.02432,+4.81269
+1.02485,+4.92779
+1.0252,+4.88297
+1.02558,+4.74985
+1.02595,+4.6365
+1.02645,+4.7319
+1.02683,+4.75148
+1.0272,+4.51978
+1.02757,+4.75064
+1.02797,+4.28027
+1.02832,+3.84134
+1.02882,+3.59667
+1.0292,+3.63579
+1.02957,+3.4815
+1.02995,+3.57184
+1.03032,+3.5978
+1.03083,+3.62364
+1.0312,+3.82337
+1.03157,+3.79629
+1.03195,+4.19211
+1.03232,+4.56712
+1.03282,+4.43562
+1.0332,+4.30997
+1.03357,+4.75248
+1.03395,+4.75944
+1.03432,+4.83755
+1.03483,+4.876
+1.0352,+4.59566
+1.03557,+4.5908
+1.03596,+4.20111
+1.03632,+4.21622
+1.03682,+4.47832
+1.0372,+4.65687
+1.03758,+4.53142
+1.03795,+4.78611
+1.03832,+4.58532
+1.03885,+4.40142
+1.0392,+4.61364
+1.03957,+4.47986
+1.03995,+4.59789
+1.04033,+4.51616
+1.04082,+4.45681
+1.04122,+4.14423
+1.04158,+4.31794
+1.04195,+4.26414
+1.04234,+4.47571
+1.04283,+4.58349
+1.0432,+4.46797
+1.04358,+4.40784
+1.04395,+4.59616
+1.04433,+4.30548
+1.04483,+4.43762
+1.0452,+4.39373
+1.04558,+3.98264
+1.04595,+4.01545
+1.04633,+3.8018
+1.04683,+3.82555
+1.0472,+3.81
+1.04757,+4.05147
+1.04795,+4.10789
+1.04832,+4.25976
+1.04883,+4.11871
+1.0492,+4.31669
+1.04958,+4.42533
+1.04995,+4.30626
+1.05032,+4.30913
+1.05083,+4.40848
+1.0512,+4.28764
+1.05157,+4.11956
+1.05195,+3.75165
+1.05234,+3.68432
+1.05283,+3.69374
+1.0532,+3.72799
+1.05358,+3.718
+1.05395,+3.61104
+1.05432,+3.60986
+1.05483,+3.26035
+1.0552,+3.37124
+1.05557,+3.41018
+1.05595,+3.66969
+1.05632,+3.51977
+1.05683,+3.42128
+1.0572,+3.34468
+1.05758,+3.12704
+1.05795,+2.87761
+1.05833,+2.59919
+1.05883,+2.74369
+1.0592,+2.51344
+1.05958,+2.54751
+1.05995,+2.24128
+1.06034,+2.57507
+1.06083,+2.5353
+1.06124,+2.52703
+1.06158,+2.66616
+1.06196,+2.80788
+1.06232,+3.11422
+1.06283,+3.11414
+1.0632,+3.27223
+1.06358,+3.19611
+1.06395,+3.4747
+1.06432,+3.14301
+1.06483,+3.15291
+1.0652,+3.16278
+1.06558,+3.13196
+1.06595,+3.0324
+1.06633,+2.95873
+1.06684,+2.9487
+1.0672,+2.90837
+1.06758,+2.51292
+1.06795,+2.21937
+1.06833,+2.39243
+1.06883,+2.04959
+1.0692,+1.99466
+1.06958,+1.67113
+1.06997,+1.89776
+1.07033,+1.81225
+1.07083,+1.61925
+1.0712,+1.49878
+1.07158,+1.76674
+1.07195,+1.72692
+1.07233,+1.5516
+1.07283,+1.73861
+1.0732,+1.72245
+1.07358,+1.97712
+1.07395,+1.83392
+1.07433,+1.64575
+1.0747,+1.67657
+1.0752,+1.77127
+1.07558,+1.72369
+1.07595,+1.77674
+1.07633,+1.5866
+1.07683,+1.37393
+1.0772,+1.08559
+1.07758,+0.951913
+1.07795,+0.975471
+1.07833,+0.991926
+1.07883,+0.783753
+1.0792,+0.688958
+1.07958,+0.56688
+1.07996,+0.226184
+1.08034,+0.355897
+1.08083,+0.589203
+1.0812,+0.767828
+1.08158,+0.50446
+1.08195,+0.0911282
+1.08233,+0.101411
+1.08284,+0.0449564
+1.08321,+0.0276676
+1.08358,+0.163589
+1.08395,+0.143709
+1.08433,+0.176296
+1.08483,-0.0970381
+1.0852,-0.505786
+1.08558,-0.249486
+1.08595,-0.26786
+1.08634,-0.540505
+1.08683,-0.478968
+1.08721,-0.487878
+1.08758,-0.691543
+1.08796,-0.587303
+1.08833,-0.606764
+1.08883,-0.836208
+1.08926,-0.727279
+1.08958,-0.720806
+1.08995,-0.736108
+1.09034,-0.421377
+1.09083,-0.486259
+1.0912,-0.646665
+1.09158,-0.534796
+1.09195,-0.416595
+1.09233,-0.731853
+1.0927,-0.415196
+1.09321,-0.436598
+1.09358,-0.582596
+1.09395,-0.385163
+1.09433,-0.495287
+1.0947,-0.48121
+1.0952,-0.551654
+1.09558,-0.753139
+1.09596,-0.799687
+1.09634,-0.612062
+1.09684,-0.533699
+1.09722,-0.551984
+1.09758,-0.619608
+1.09795,-0.635485
+1.09834,-0.800033
+1.09883,-1.00335
+1.09921,-1.02672
+1.09958,-1.31717
+1.09995,-1.4469
+1.10033,-1.61039
+1.10083,-2.02901
+1.10201,-2.05077
+1.1022,-2.23945
+1.10244,-2.59122
+1.1027,-2.7249
+1.1032,-2.81184
+1.10358,-2.7509
+1.10396,-2.64251
+1.10433,-2.56209
+1.10483,-2.55278
+1.1052,-2.39991
+1.10558,-2.56158
+1.10595,-2.44617
+1.10633,-2.23234
+1.10683,-2.37571
+1.1072,-2.11519
+1.10758,-2.18039
+1.10795,-2.18202
+1.10833,-2.20239
+1.1087,-2.31732
+1.1092,-2.33691
+1.10958,-2.27485
+1.10995,-2.23769
+1.11033,-2.26017
+1.11083,-2.08155
+1.1112,-2.19274
+1.11158,-2.19281
+1.11195,-2.20673
+1.11233,-2.37815
+1.1127,-2.35043
+1.1132,-2.31694
+1.1136,-2.61317
+1.11395,-2.70671
+1.11433,-2.70462
+1.11472,-2.61355
+1.11521,-2.68919
+1.11558,-2.73677
+1.11595,-2.64496
+1.11633,-2.55752
+1.1167,-2.37429
+1.11722,-2.43947
+1.11758,-1.97233
+1.11795,-1.94543
+1.11833,-1.86621
+1.1187,-1.84719
+1.1192,-1.85245
+1.11958,-1.82179
+1.11995,-1.79578
+1.12033,-2.01993
+1.1207,-2.12022
+1.12121,-2.19105
+1.12158,-2.55138
+1.12195,-2.51509
+1.12233,-2.54093
+1.1227,-2.50987
+1.12321,-2.67819
+1.12358,-2.75632
+1.12395,-2.97251
+1.12433,-2.82025
+1.1247,-2.90407
+1.1252,-2.88627
+1.12558,-2.83688
+1.12595,-2.79999
+1.12633,-2.90333
+1.1267,-3.36535
+1.12722,-3.17749
+1.12758,-3.03934
+1.12808,-3.0417
+1.12846,-3.25802
+1.12873,-3.24035
+1.12921,-3.38119
+1.12958,-3.29114
+1.12995,-3.38219
+1.13033,-3.49435
+1.13071,-3.07209
+1.1312,-3.01752
+1.13158,-3.30251
+1.13195,-3.20638
+1.13233,-3.00903
+1.1327,-2.98087
+1.13321,-2.70155
+1.13358,-2.85921
+1.13395,-2.7992
+1.13433,-2.63967
+1.1347,-2.75617
+1.1352,-3.01989
+1.13558,-2.72617
+1.13596,-2.83446
+1.13633,-2.83274
+1.1367,-2.91254
+1.13721,-3.24888
+1.13758,-3.25218
+1.13796,-3.39837
+1.13834,-3.32569
+1.1387,-3.27609
+1.13921,-3.34153
+1.13958,-3.45257
+1.13996,-3.23329
+1.14033,-3.08817
+1.1407,-3.07937
+1.14122,-2.85298
+1.14158,-2.69842
+1.14196,-2.95647
+1.14233,-3.03066
+1.14271,-3.0455
+1.14321,-3.0515
+1.14358,-3.21676
+1.14396,-3.41707
+1.14433,-3.49116
+1.1447,-3.30519
+1.14522,-3.44458
+1.14558,-3.4719
+1.14595,-3.162
+1.14633,-3.21767
+1.14671,-3.24462
+1.14721,-2.99913
+1.14758,-2.95102
+1.14808,-2.91253
+1.14834,-2.92536
+1.1487,-3.09283
+1.14921,-2.97253
+1.14958,-2.89243
+1.14996,-2.85349
+1.15033,-2.88773
+1.15071,-2.92637
+1.15121,-2.93361
+1.15158,-2.97119
+1.15196,-2.84037
+1.15233,-2.84599
+1.1527,-2.7942
+1.15321,-2.71343
+1.15358,-2.70616
+1.15396,-2.64211
+1.15433,-2.54299
+1.15472,-2.62093
+1.15521,-2.62143
+1.15558,-2.64125
+1.15596,-2.58404
+1.15633,-2.63065
+1.1567,-2.78268
+1.15721,-2.78451
+1.15758,-2.77812
+1.15795,-2.77035
+1.15833,-2.88623
+1.15871,-2.94589
+1.15921,-3.12498
+1.15958,-2.95604
+1.15996,-3.01341
+1.16034,-2.93462
+1.1607,-2.79446
+1.16121,-2.81627
+1.16158,-2.96683
+1.16196,-2.92941
+1.16233,-2.79347
+1.16271,-2.66961
+1.16321,-2.42306
+1.16358,-2.57748
+1.16396,-2.82418
+1.16433,-3.04584
+1.1647,-3.17676
+1.16521,-3.17189
+1.16558,-3.0177
+1.16596,-3.13087
+1.16634,-3.04885
+1.16671,-3.06319
+1.16721,-3.15299
+1.16758,-3.04643
+1.16796,-3.01258
+1.16833,-2.74758
+1.16871,-2.73047
+1.16921,-2.7749
+1.16958,-2.90285
+1.16996,-3.09495
+1.17034,-3.36241
+1.17071,-3.31897
+1.17121,-3.2828
+1.17158,-3.32241
+1.17196,-3.17202
+1.17235,-3.24182
+1.17271,-3.21106
+1.17321,-3.25032
+1.17358,-3.21153
+1.17396,-2.92961
+1.17433,-2.93359
+1.17471,-2.87509
+1.17521,-3.00269
+1.17558,-3.15584
+1.17596,-3.3293
+1.17633,-3.45099
+1.17671,-3.38088
+1.17721,-3.31278
+1.17758,-3.3375
+1.17809,-3.34072
+1.17861,-3.1804
+1.17885,-3.25521
+1.17921,-2.92768
+1.17958,-2.79857
+1.17996,-2.57304
+1.18033,-2.56143
+1.18071,-2.83645
+1.18121,-2.65326
+1.18171,-2.40675
+1.18208,-2.62197
+1.18234,-2.7429
+1.18272,-2.91406
+1.18321,-2.94341
+1.18358,-2.71322
+1.18396,-2.95273
+1.18434,-2.74994
+1.18471,-2.27414
+1.18521,-2.34853
+1.18558,-2.27748
+1.18596,-2.18954
+1.18633,-2.09691
+1.18671,-1.8919
+1.18721,-2.03667
+1.18758,-2.03581
+1.18796,-1.67119
+1.18833,-1.62852
+1.18871,-1.75589
+1.18921,-1.81415
+1.18959,-1.98093
+1.18996,-2.02378
+1.19034,-2.06578
+1.19072,-1.89895
+1.19121,-1.94681
+1.19174,-1.82173
+1.19199,-1.86396
+1.19233,-1.80504
+1.19271,-1.85246
+1.19321,-2.05563
+1.19359,-2.16442
+1.19396,-1.86528
+1.19434,-1.91076
+1.19471,-2.04436
+1.19521,-1.90273
+1.19559,-2.04236
+1.19596,-2.05883
+1.19634,-1.96304
+1.19671,-1.78122
+1.19721,-1.38689
+1.19759,-1.10954
+1.19796,-0.928797
+1.19834,-0.597457
+1.19884,-0.651157
+1.19922,-0.587292
+1.19959,-0.487499
+1.19997,-0.17865
+1.20033,-0.412143
+1.20071,-0.267087
+1.20121,-0.409979
+1.20159,-0.462559
+1.20196,-0.659415
+1.20234,-0.849696
+1.20271,-0.522177
+1.20321,-0.397706
+1.20441,-0.328248
+1.20469,-0.292001
+1.20498,-0.208393
+1.20522,-0.265516
+1.20558,-0.235223
+1.20595,-0.144694
+1.20633,+0.0542595
+1.20671,+0.0374755
+1.2072,-0.252836
+1.20758,-0.199167
+1.20796,-0.188186
+1.20833,-0.369521
+1.2087,-0.304643
+1.20933,-0.365014
+1.20958,-0.202919
+1.20996,-0.067567
+1.21033,-0.0084249
+1.21071,+0.29818
+1.21121,+0.627912
+1.21158,+0.584772
+1.21195,+0.647203
+1.21233,+0.599715
+1.21271,+0.842596
+1.21321,+0.912895
+1.21358,+0.892164
+1.21395,+0.851108
+1.21433,+0.845724
+1.21471,+0.949125
+1.21521,+1.02717
+1.21558,+1.18718
+1.21598,+1.29976
+1.21634,+1.38256
+1.2167,+1.43127
+1.21722,+1.48024
+1.21758,+1.55702
+1.21796,+1.80134
+1.21833,+1.88221
+1.21871,+2.07113
+1.21921,+2.13729
+1.21958,+2.22982
+1.21996,+2.50192
+1.22033,+2.79006
+1.2207,+2.961
+1.22121,+3.22761
+1.22158,+3.35803
+1.22196,+3.37721
+1.22233,+3.35863
+1.22271,+3.32911
+1.22321,+3.62411
+1.22358,+3.54114
+1.22396,+3.38496
+1.22433,+3.13145
+1.22471,+2.96335
+1.22521,+2.98883
+1.22558,+3.12706
+1.22596,+3.18123
+1.22633,+3.32248
+1.22673,+3.51523
+1.22721,+3.47929
+1.22758,+3.70405
+1.22796,+3.53595
+1.22833,+3.91734
+1.2287,+3.93136
+1.22921,+3.79087
+1.22958,+3.81232
+1.22996,+3.65268
+1.23033,+3.81029
+1.23071,+3.74574
+1.23121,+3.78272
+1.23158,+3.80773
+1.23196,+4.03752
+1.23233,+3.96316
+1.23273,+4.06987
+1.23321,+4.34891
+1.23358,+4.25695
+1.23396,+4.64204
+1.23433,+4.75743
+1.23472,+4.73012
+1.23521,+4.55903
+1.23559,+4.33655
+1.23596,+4.20819
+1.23633,+4.34888
+1.23671,+4.48978
+1.23721,+4.38732
+1.23758,+4.66251
+1.23796,+4.22627
+1.23833,+3.95922
+1.23872,+4.03053
+1.23921,+4.13229
+1.23958,+4.37462
+1.23996,+4.36529
+1.24033,+4.35667
+1.24072,+4.229
+1.24121,+4.31069
+1.24159,+4.13896
+1.24196,+4.08968
+1.24233,+4.1618
+1.24271,+4.13384
+1.24331,+3.9432
+1.24359,+3.90824
+1.24396,+4.03159
+1.24433,+4.01598
+1.24471,+4.12262
+1.24521,+4.08826
+1.24558,+4.14931
+1.24598,+4.52821
+1.24634,+4.45416
+1.24671,+4.51653
+1.24721,+4.72509
+1.24759,+4.82225
+1.24796,+4.98305
+1.24834,+4.9523
+1.24871,+4.79381
+1.24921,+4.71521
+1.24959,+4.43482
+1.24996,+4.41102
+1.25034,+4.51875
+1.25071,+4.3556
+1.25121,+4.35657
+1.25158,+4.09271
+1.25196,+3.99733
+1.25233,+3.90235
+1.25271,+3.72418
+1.25321,+3.58792
+1.25358,+3.81388
+1.25396,+3.86563
+1.25433,+3.58971
+1.25471,+3.59558
+1.25521,+3.52711
+1.25558,+3.69039
+1.25596,+3.71242
+1.25634,+3.54858
+1.25671,+3.88003
+1.25723,+4.13162
+1.25759,+4.28907
+1.25796,+4.10379
+1.25834,+4.41914
+1.25871,+4.46193
+1.25921,+4.28847
+1.25959,+4.3887
+1.25996,+4.38852
+1.26033,+4.71431
+1.26072,+4.67898
+1.26122,+4.31447
+1.26159,+4.21807
+1.26196,+4.10901
+1.26233,+4.08764
+1.26272,+4.06594
+1.26321,+4.23815
+1.26359,+4.2885
+1.26396,+4.33851
+1.26434,+4.34901
+1.26472,+4.17701
+1.26521,+4.39975
+1.26559,+4.17333
+1.26596,+4.36267
+1.26635,+4.24467
+1.26671,+4.31995
+1.26721,+4.4019
+1.26759,+4.24816
+1.26796,+4.05316
+1.26834,+4.06138
+1.26871,+4.17127
+1.26921,+3.89241
+1.26958,+3.97665
+1.26996,+3.88495
+1.27034,+3.83646
+1.27072,+3.77495
+1.27121,+3.72381
+1.27159,+3.67924
+1.27196,+3.81731
+1.27233,+3.62745
+1.27271,+3.62691
+1.27321,+3.70641
+1.27359,+3.87435
+1.27396,+4.05443
+1.27434,+3.88777
+1.27474,+3.88342
+1.27521,+3.91609
+1.27559,+3.99687
+1.27596,+3.96855
+1.27634,+4.01996
+1.27671,+3.93647
+1.27721,+4.19991
+1.27759,+4.16126
+1.27796,+3.96867
+1.27834,+4.12453
+1.27871,+4.09198
+1.27921,+4.11985
+1.27959,+3.97611
+1.27996,+3.81686
+1.28034,+3.82189
+1.28071,+3.84115
+1.28121,+3.73531
+1.28159,+3.65708
+1.28196,+3.69663
+1.28234,+3.65365
+1.28271,+3.62702
+1.28321,+3.607
+1.28359,+3.67225
+1.28396,+3.73832
+1.28434,+3.74429
+1.28473,+3.68442
+1.28522,+3.77702
+1.28559,+3.71204
+1.28596,+3.67054
+1.28634,+3.74741
+1.28672,+3.63516
+1.28721,+3.64198
+1.28759,+3.61064
+1.28796,+3.42703
+1.28834,+3.16191
+1.28872,+3.23579
+1.28921,+3.22774
+1.28959,+3.28722
+1.28997,+3.24756
+1.29034,+3.18644
+1.29072,+3.21161
+1.29121,+2.87634
+1.29159,+2.8114
+1.29196,+3.14825
+1.29234,+3.49172
+1.29272,+3.49758
+1.29309,+3.56813
+1.29359,+3.57907
+1.29404,+3.73522
+1.29434,+3.69613
+1.29472,+3.92403
+1.29521,+3.80873
+1.29559,+3.93247
+1.29596,+3.81273
+1.29634,+3.46761
+1.29672,+3.46037
+1.29721,+3.44663
+1.29759,+3.40915
+1.29796,+3.17832
+1.29834,+3.16809
+1.29872,+2.86401
+1.29921,+3.0833
+1.29959,+3.09312
+1.29996,+2.74443
+1.30034,+2.8173
+1.30071,+2.65059
+1.30121,+2.40486
+1.3016,+2.50647
+1.30196,+2.63407
+1.30234,+2.76978
+1.30272,+2.91497
+1.30322,+3.13917
+1.30359,+3.10499
+1.30397,+3.53185
+1.30434,+3.59068
+1.30471,+3.71768
+1.30521,+3.83356
+1.30559,+3.83012
+1.30681,+3.73956
+1.30707,+3.59978
+1.30736,+3.78936
+1.30761,+3.87025
+1.30796,+3.86265
+1.30834,+3.8642
+1.30872,+3.9606
+1.30922,+3.91522
+1.30959,+3.89874
+1.30996,+3.84159
+1.31034,+3.99887
+1.31072,+4.1816
+1.31121,+3.98122
+1.31159,+3.90409
+1.31197,+3.82811
+1.31234,+3.80265
+1.31272,+3.73992
+1.31322,+3.79706
+1.31359,+3.86351
+1.31397,+3.5812
+1.31434,+3.6802
+1.31472,+3.44578
+1.31521,+3.26281
+1.31559,+2.90602
+1.31596,+2.69515
+1.31635,+2.7499
+1.31672,+2.62047
+1.31721,+2.63018
+1.31759,+2.69148
+1.31797,+2.99623
+1.31836,+2.78309
+1.31872,+3.0239
+1.31909,+3.19868
+1.3196,+3.41959
+1.31997,+3.69683
+1.32047,+3.45609
+1.32071,+3.71268
+1.32122,+3.42868
+1.32168,+3.35157
+1.32197,+3.31141
+1.32234,+3.48808
+1.32272,+3.29897
+1.32309,+3.17126
+1.32359,+3.07717
+1.32397,+3.20421
+1.32434,+3.45644
+1.32472,+3.1648
+1.32509,+3.44417
+1.32559,+3.48929
+1.32597,+3.44082
+1.32634,+3.35867
+1.32672,+3.51151
+1.32709,+3.66972
+1.3276,+3.41445
+1.32797,+3.30888
+1.32834,+3.27363
+1.32872,+3.33821
+1.32923,+3.09679
+1.32959,+2.88181
+1.32997,+2.79051
+1.33035,+2.93412
+1.33072,+3.01444
+1.33122,+2.76605
+1.33159,+3.27532
+1.33197,+3.19692
+1.33235,+3.05965
+1.33272,+3.1479
+1.33309,+3.36492
+1.33359,+3.48004
+1.33397,+3.37037
+1.33434,+3.29844
+1.33472,+3.05332
+1.33509,+3.36876
+1.33559,+3.26447
+1.33597,+3.10627
+1.33634,+3.22347
+1.33672,+3.12367
+1.33722,+3.18232
+1.33759,+3.05039
+1.33797,+3.07039
+1.33834,+2.82951
+1.33872,+3.00191
+1.33909,+3.01112
+1.33959,+2.79438
+1.33997,+2.90939
+1.34034,+2.95836
+1.34072,+3.19544
+1.34122,+3.12481
+1.34159,+3.32779
+1.34197,+3.59923
+1.34234,+3.50859
+1.34272,+3.56782
+1.34309,+3.33525
+1.3436,+3.44234
+1.34397,+3.54515
+1.34434,+3.50047
+1.34472,+3.44786
+1.34509,+3.52895
+1.34559,+3.41625
+1.34599,+3.32748
+1.34635,+3.4422
+1.34673,+3.25942
+1.34709,+3.52476
+1.34759,+3.69169
+1.34797,+3.7334
+1.34836,+3.4947
+1.34872,+3.30164
+1.34909,+3.29271
+1.34959,+3.35428
+1.34997,+3.21372
+1.35034,+3.20915
+1.35085,+3.45725
+1.35122,+3.4517
+1.35159,+3.48984
+1.35197,+3.1822
+1.35234,+3.36861
+1.35272,+3.38546
+1.35309,+3.2973
+1.35359,+3.4208
+1.35397,+3.54541
+1.35434,+3.39785
+1.35474,+2.96314
+1.35509,+2.91385
+1.35559,+2.81792
+1.35597,+3.38335
+1.35634,+3.40861
+1.35672,+3.38802
+1.35709,+3.52032
+1.35759,+3.4617
+1.35797,+3.3647
+1.35834,+3.4172
+1.35872,+3.78011
+1.35909,+3.56913
+1.35962,+3.33703
+1.35997,+2.93637
+1.36034,+2.91576
+1.36074,+3.2658
+1.36122,+3.11638
+1.36159,+2.99002
+1.36197,+3.20498
+1.36234,+3.33405
+1.36272,+3.30562
+1.36309,+3.13013
+1.36359,+3.22978
+1.36397,+3.32377
+1.36435,+3.05622
+1.36472,+3.07837
+1.36509,+3.10134
+1.3656,+3.1469
+1.36597,+3.01026
+1.36635,+3.32413
+1.36672,+3.06802
+1.36709,+3.30956
+1.36759,+3.22594
+1.36797,+3.32123
+1.36835,+3.55599
+1.36872,+3.49961
+1.36909,+3.59019
+1.36959,+3.63723
+1.36997,+3.84944
+1.37034,+3.78664
+1.37072,+3.94924
+1.37122,+4.09669
+1.3716,+4.34932
+1.37197,+4.23072
+1.37235,+4.34834
+1.37272,+4.43018
+1.37309,+4.21862
+1.3736,+4.25065
+1.37397,+3.97524
+1.37435,+3.81809
+1.37472,+3.73135
+1.37509,+3.76249
+1.3756,+3.58425
+1.37597,+3.60905
+1.37635,+3.38389
+1.37675,+3.22994
+1.37711,+3.43708
+1.3776,+3.10861
+1.37797,+3.24703
+1.37835,+3.38493
+1.37872,+3.46412
+1.37909,+3.06492
+1.3796,+3.16424
+1.37997,+2.95351
+1.38034,+3.1712
+1.38072,+3.1682
+1.38122,+3.2814
+1.3816,+3.5909
+1.38197,+3.51097
+1.38235,+3.40741
+1.38272,+3.29279
+1.3831,+3.55055
+1.3836,+3.36913
+1.38397,+3.46568
+1.38435,+3.2869
+1.38473,+3.23722
+1.38509,+2.89949
+1.3856,+2.83332
+1.38597,+2.7347
+1.38635,+2.61199
+1.38673,+2.59935
+1.38709,+2.39393
+1.3876,+2.43144
+1.38797,+2.38254
+1.38834,+2.10315
+1.38873,+2.12651
+1.38909,+2.05931
+1.3896,+1.96686
+1.38997,+2.04796
+1.39035,+1.78146
+1.39072,+1.74626
+1.39109,+1.68305
+1.39172,+1.62295
+1.39198,+1.39846
+1.39235,+1.61339
+1.39272,+1.46084
+1.39309,+1.64729
+1.3936,+1.37995
+1.39397,+1.2607
+1.39435,+1.4528
+1.39473,+1.6114
+1.3951,+1.7988
+1.3956,+1.77281
+1.39597,+1.88396
+1.39644,+1.87321
+1.39672,+1.90373
+1.39709,+1.58843
+1.3976,+1.87424
+1.39797,+1.6449
+1.39835,+1.63157
+1.39873,+1.28584
+1.39909,+1.0284
+1.3996,+0.983033
+1.39997,+1.09985
+1.40035,+1.03193
+1.40072,+0.7649
+1.40109,+0.792313
+1.4016,+0.425553
+1.40197,+0.531046
+1.40235,+0.426581
+1.40272,+0.264348
+1.40309,+0.298714
+1.4036,+0.233691
+1.40398,-0.0725106
+1.40435,-0.241742
+1.40472,-0.378625
+1.40509,-0.38744
+1.4056,-0.155556
+1.40597,-0.157557
+1.40635,-0.267704
+1.40673,-0.48602
+1.4071,-0.476466
+1.4076,-0.856935
+1.40797,-0.807598
+1.40921,-0.824833
+1.4094,-0.72821
+1.40966,-0.816618
+1.40997,-0.976653
+1.41034,-1.12691
+1.41072,-1.44086
+1.41109,-1.09481
+1.4116,-1.22896
+1.41197,-0.963327
+1.41234,-0.941052
+1.41272,-1.04101
+1.41309,-1.29895
+1.4136,-1.3612
+1.41397,-1.26668
+1.41435,-1.19876
+1.41472,-0.930563
+1.41509,-1.19138
+1.4156,-1.05743
+1.41597,-1.05207
+1.41635,-1.18141
+1.41672,-1.07631
+1.41709,-0.921473
+1.4176,-0.742171
+1.41797,-0.893228
+1.41834,-0.90393
+1.41873,-1.00575
+1.41909,-0.785141
+1.4196,-1.14104
+1.41997,-1.14261
+1.42034,-1.18058
+1.42072,-1.43823
+1.42109,-1.53868
+1.42172,-1.68543
+1.42211,-1.71838
+1.42237,-1.79951
+1.42273,-1.87738
+1.42309,-1.98201
+1.4236,-1.79571
+1.42397,-1.7478
+1.42435,-1.87143
+1.42473,-1.63191
+1.42509,-1.81149
+1.4256,-2.15617
+1.42597,-2.39423
+1.42635,-2.48244
+1.42673,-2.28825
+1.42709,-2.21413
+1.4276,-2.25271
+1.42797,-2.45498
+1.42835,-2.44994
+1.42873,-2.58734
+1.42909,-2.31617
+1.4296,-2.3302
+1.42997,-2.20132
+1.43035,-2.35903
+1.43073,-2.50724
+1.43109,-2.46184
+1.43161,-2.79316
+1.43197,-2.94348
+1.43235,-3.07123
+1.43272,-3.19489
+1.4331,-3.14126
+1.4336,-2.78605
+1.43397,-2.74111
+1.43435,-2.54469
+1.43474,-2.42623
+1.4351,-2.47535
+1.4356,-2.2269
+1.43597,-2.16822
+1.43635,-1.88662
+1.43673,-1.80458
+1.43709,-1.95112
+1.4376,-2.01519
+1.43797,-2.12471
+1.43835,-1.99447
+1.43873,-2.44281
+1.43909,-2.60871
+1.4396,-2.57148
+1.43997,-2.49939
+1.44035,-2.55803
+1.44073,-2.50149
+1.44109,-2.53355
+1.4416,-2.77618
+1.44197,-2.76099
+1.44235,-2.91221
+1.44273,-2.47172
+1.44309,-2.7066
+1.4436,-2.71861
+1.44397,-2.71203
+1.44435,-2.71149
+1.44472,-2.66376
+1.44509,-2.69539
+1.4456,-2.72916
+1.44597,-2.59381
+1.44635,-2.6151
+1.44673,-2.71456
+1.4471,-2.48523
+1.4476,-2.64867
+1.44808,-2.78858
+1.44835,-2.80538
+1.44873,-2.88659
+1.4491,-2.79544
+1.4496,-2.67443
+1.44997,-2.80498
+1.45035,-2.81932
+1.45077,-2.94704
+1.4511,-3.0909
+1.4516,-2.93619
+1.45197,-2.82576
+1.45248,-2.70328
+1.45273,-3.0317
+1.4531,-3.11222
+1.4536,-3.08881
+1.45397,-3.03926
+1.45435,-3.28485
+1.45474,-3.27563
+1.4551,-3.26209
+1.4556,-3.31859
+1.45597,-3.38915
+1.45635,-3.4952
+1.45673,-3.34144
+1.4571,-3.18084
+1.4576,-3.15487
+1.45797,-3.1153
+1.45835,-2.83119
+1.45873,-2.75569
+1.4591,-2.60448
+1.46047,-2.61598
+1.46067,-2.54127
+1.46094,-2.52796
+1.46117,-2.42692
+1.4616,-2.77727
+1.46199,-2.74967
+1.46235,-2.82107
+1.46273,-3.01025
+1.4631,-3.15137
+1.4636,-3.04601
+1.46398,-3.00556
+1.46435,-2.90214
+1.46473,-3.11663
+1.4651,-3.05126
+1.4656,-2.92476
+1.46598,-2.94025
+1.46635,-2.95635
+1.46673,-2.87279
+1.4671,-2.71403
+1.4676,-2.77062
+1.46798,-2.60559
+1.46835,-2.76044
+1.46873,-2.72186
+1.4691,-3.10389
+1.4696,-3.07404
+1.46998,-3.02138
+1.47048,-3.20237
+1.47073,-3.25954
+1.47124,-3.42266
+1.4716,-3.46394
+1.47198,-3.60626
+1.47236,-3.5107
+1.47273,-3.30425
+1.4731,-2.89275
+1.4736,-2.94016
+1.47398,-2.98205
+1.47435,-2.68762
+1.47473,-2.47101
+1.4751,-2.35513
+1.4756,-2.53492
+1.47598,-2.52777
+1.47635,-2.77424
+1.47673,-2.85804
+1.4771,-2.87456
+1.4776,-2.71516
+1.47798,-2.74357
+1.47835,-2.92117
+1.47873,-2.95361
+1.4791,-2.83069
+1.47962,-2.87156
+1.47998,-3.01982
+1.48035,-2.67682
+1.48073,-2.62933
+1.4811,-2.66499
+1.4816,-2.5172
+1.48198,-2.4218
+1.48235,-2.20131
+1.48285,-2.19479
+1.48323,-2.16341
+1.4836,-1.84553
+1.48398,-1.82653
+1.48435,-1.82967
+1.48473,-1.79034
+1.48511,-1.73919
+1.4856,-1.95626
+1.48598,-1.97806
+1.48635,-2.10353
+1.48673,-2.37322
+1.4871,-2.47509
+1.4876,-2.58916
+1.48798,-2.4494
+1.48835,-2.4536
+1.48873,-2.49348
+1.48911,-2.25402
+1.4896,-1.95579
+1.48998,-1.88957
+1.49035,-1.85468
+1.49073,-1.51342
+1.4911,-1.41923
+1.4916,-1.31804
+1.49198,-1.45971
+1.49235,-1.71622
+1.49273,-1.55885
+1.4931,-1.93608
+1.4936,-1.88873
+1.49398,-1.94052
+1.49435,-1.89598
+1.49473,-1.99944
+1.4951,-2.01189
+1.49549,-1.97692
+1.49598,-1.6806
+1.49635,-1.3542
+1.49673,-1.57817
+1.4971,-1.3409
+1.4976,-1.45134
+1.49798,-1.60756
+1.49835,-1.55846
+1.49885,-1.25721
+1.49911,-1.18287
+1.4996,-1.24429
+1.49998,-1.18937
+1.50035,-1.41808
+1.50073,-1.46936
+1.5011,-1.4572
+1.50161,-1.40545
+1.50198,-1.04795
+1.50235,-1.25004
+1.50289,-1.51397
+1.50314,-1.4306
+1.50362,-1.48724
+1.50398,-1.56986
+1.50436,-1.38523
+1.50473,-1.33759
+1.5051,-1.36291
+1.5056,-1.51503
+1.50598,-1.48736
+1.50636,-1.2208
+1.50676,-0.960087
+1.50715,-0.973946
+1.50765,-0.660968
+1.50801,-0.562886
+1.50839,-0.559096
+1.50877,-0.28811
+1.50915,-0.194253
+1.50965,+0.0220882
+1.51002,-0.001137
+1.5104,+0.131142
+1.51161,+0.150029
+1.51186,+0.186954
+1.51207,+0.0472944
+1.51239,+0.0480944
+1.51277,+0.289134
+1.51314,+0.338927
+1.51365,+0.448854
+1.51401,+0.543333
+1.51439,+0.733251
+1.51476,+0.771548
+1.51514,+0.67688
+1.51566,+0.799607
+1.51602,+1.04208
+1.51639,+1.26251
+1.51677,+1.36318
+1.51714,+1.48129
+1.51765,+1.31069
+1.51802,+1.03857
+1.5184,+1.06634
+1.51876,+1.11873
+1.51912,+1.27265
+1.51951,+1.19392
+1.52,+1.0256
+1.52037,+0.798873
+1.52077,+0.830245
+1.52113,+0.783162
+1.52166,+0.857507
+1.52202,+1.19084
+1.52241,+1.18444
+1.52277,+1.12241
+1.52313,+0.953581
+1.52364,+0.81648
+1.52402,+1.06201
+1.52439,+1.08522
+1.52478,+1.13277
+1.52515,+1.27451
+1.52565,+1.48573
+1.52602,+1.59293
+1.52643,+1.68355
+1.52677,+1.97365
+1.52716,+2.38116
+1.52753,+2.84663
+1.52803,+2.99959
+1.52839,+3.28976
+1.52875,+3.30351
+1.52912,+3.3919
+1.52963,+3.22366
+1.53,+3.34111
+1.53039,+3.35749
+1.53077,+3.29439
+1.53113,+3.1941
+1.53165,+3.05219
+1.53201,+3.1216
+1.53239,+2.95964
+1.53278,+2.72108
+1.53328,+2.72135
+1.53373,+3.12234
+1.53404,+3.0938
+1.53439,+3.23007
+1.53477,+3.26513
+1.53514,+3.41826
+1.53554,+3.52246
+1.53601,+3.63212
+1.5364,+4.13813
+1.53679,+4.47072
+1.53715,+4.65397
+1.53765,+4.76653
+1.53802,+4.78352
+1.5384,+4.71509
+1.53877,+4.5376
+1.53916,+4.55284
+1.53965,+4.42013
+1.54002,+4.28587
+1.54037,+4.11847
+1.54075,+4.3145
+1.54114,+4.25561
+1.54163,+4.06191
+1.54202,+4.10088
+1.54239,+4.02639
+1.54277,+4.34725
+1.54315,+4.41814
+1.54354,+4.9415
+1.54401,+4.66413
+1.54439,+4.33103
+1.54477,+4.25836
+1.54515,+4.39335
+1.54565,+4.41907
+1.54602,+4.31864
+1.54639,+4.58928
+1.54677,+4.71149
+1.54715,+4.67628
+1.54765,+4.17253
+1.54802,+4.40402
+1.5484,+4.63787
+1.54878,+4.70351
+1.54915,+4.66014
+1.54966,+4.86079
+1.55003,+5.14639
+1.55044,+5.22167
+1.55078,+5.14038
+1.55115,+5.2923
+1.55166,+5.44893
+1.55201,+5.80487
+1.55237,+5.95373
+1.55275,+5.87987
+1.55321,+6.00557
+1.55363,+6.00113
+1.55402,+6.00744
+1.55439,+5.89068
+1.55477,+6.02268
+1.55514,+6.02817
+1.55566,+6.00099
+1.55601,+5.77532
+1.55639,+5.81829
+1.55677,+5.81066
+1.55714,+5.69713
+1.55766,+5.76042
+1.55802,+5.68914
+1.55839,+5.66999
+1.55877,+5.4193
+1.55915,+5.27083
+1.55953,+5.3156
+1.56004,+5.44932
+1.56039,+5.56259
+1.56078,+5.63844
+1.56116,+5.47959
+1.56166,+5.42155
+1.56202,+5.26491
+1.5624,+5.33806
+1.56277,+5.62615
+1.56315,+5.38323
+1.56363,+5.36808
+1.564,+5.45981
+1.56439,+5.41853
+1.56475,+5.35548
+1.56515,+5.61489
+1.56551,+5.6249
+1.56601,+5.67314
+1.56636,+5.77685
+1.56674,+5.8153
+1.56711,+6.23271
+1.56749,+6.31665
+1.56799,+6.01632
+1.56836,+5.76804
+1.56873,+5.68604
+1.56911,+5.67536
+1.56961,+5.59985
+1.56998,+5.65169
+1.57036,+5.26425
+1.57074,+4.92405
+1.57112,+4.69321
+1.57161,+4.74762
+1.57198,+4.95316
+1.57236,+5.16127
+1.57273,+5.42259
+1.57311,+5.33262
+1.57348,+5.58586
+1.57411,+5.71651
+1.57436,+6.05202
+1.57474,+6.31224
+1.57511,+6.39747
+1.57548,+6.17373
+1.57599,+6.16173
+1.57636,+6.1106
+1.57673,+5.9891
+1.57711,+5.99609
+1.57761,+5.80085
+1.57798,+5.5496
+1.57836,+5.28626
+1.57874,+5.18217
+1.57912,+5.13685
+1.57961,+5.17248
+1.57998,+5.09746
+1.58036,+5.08724
+1.58074,+4.98413
+1.58111,+4.93747
+1.58169,+4.74651
+1.58199,+4.90144
+1.58236,+5.02773
+1.58274,+4.89635
+1.58311,+4.83295
+1.58349,+4.71014
+1.58399,+4.53854
+1.58436,+4.52165
+1.58474,+4.49771
+1.58512,+4.20967
+1.58561,+4.30037
+1.58598,+4.1247
+1.58636,+3.95411
+1.58675,+3.94759
+1.58712,+4.03709
+1.58761,+4.19145
+1.58799,+4.4839
+1.58836,+4.56032
+1.58873,+4.68867
+1.58911,+5.08236
+1.58948,+5.13194
+1.58999,+5.36201
+1.59036,+5.39384
+1.59074,+5.59398
+1.59112,+5.49551
+1.59161,+5.6564
+1.59198,+5.24123
+1.59236,+5.18798
+1.59273,+4.81961
+1.59311,+4.72871
+1.59348,+4.80524
+1.59399,+4.72709
+1.59436,+4.80254
+1.59474,+4.76936
+1.59511,+4.91121
+1.59561,+4.87671
+1.59599,+4.92656
+1.59636,+4.98579
+1.59674,+5.34771
+1.59712,+5.51057
+1.59761,+5.24461
+1.59799,+4.94923
+1.59836,+5.00183
+1.59874,+4.86275
+1.59911,+4.78534
+1.59949,+4.93621
+1.59999,+4.87268
+1.60036,+4.93485
+1.60074,+4.68738
+1.60115,+4.44
+1.60162,+4.70875
+1.60199,+4.99962
+1.60236,+4.7097
+1.60274,+4.56007
+1.60312,+4.56317
+1.60361,+4.19153
+1.60398,+4.46665
+1.60436,+4.37609
+1.60474,+4.54928
+1.60512,+4.67567
+1.60561,+4.55291
+1.60599,+4.45874
+1.60636,+4.79853
+1.60674,+4.75158
+1.60711,+4.5378
+1.60748,+4.9607
+1.60799,+4.84804
+1.60836,+4.9992
+1.60874,+5.00934
+1.60911,+4.54994
+1.60948,+4.27637
+1.60999,+4.06076
+1.61036,+4.32549
+1.61074,+4.58318
+1.61111,+4.47016
+1.61161,+4.03635
+1.61199,+4.19468
+1.61236,+4.16325
+1.61274,+4.15497
+1.61311,+4.46303
+1.61401,+4.40593
+1.61429,+4.67393
+1.61457,+4.60988
+1.61477,+4.72884
+1.61511,+5.08213
+1.61548,+5.29635
+1.61599,+5.18809
+1.61636,+5.2045
+1.61673,+5.31276
+1.61711,+5.17734
+1.61748,+5.52056
+1.61799,+5.60756
+1.61836,+5.66891
+1.61874,+5.511
+1.61911,+5.45358
+1.61948,+5.18874
+1.61998,+5.14361
+1.62036,+4.64989
+1.62074,+4.55372
+1.62111,+4.61657
+1.62161,+4.27531
+1.62199,+3.85758
+1.62236,+3.74799
+1.62274,+3.92838
+1.62311,+3.90727
+1.62348,+4.1663
+1.62399,+4.36187
+1.62436,+4.63813
+1.62474,+4.38373
+1.62511,+4.1927
+1.6255,+4.50552
+1.62599,+4.89478
+1.62636,+5.13368
+1.62675,+4.99599
+1.62711,+5.08004
+1.62748,+5.03287
+1.62799,+5.13294
+1.62836,+4.89656
+1.62874,+4.88994
+1.62911,+5.26938
+1.62948,+5.01287
+1.62999,+4.73614
+1.63036,+4.60069
+1.63074,+4.68279
+1.63111,+4.60153
+1.63161,+4.73765
+1.63199,+4.57343
+1.63236,+4.58899
+1.63274,+4.95592
+1.63311,+4.92643
+1.63348,+5.28769
+1.63399,+5.53316
+1.63436,+5.61439
+1.63474,+5.48941
+1.63512,+5.53987
+1.63548,+5.68492
+1.63607,+5.68359
+1.63636,+5.7008
+1.63674,+5.59234
+1.63711,+5.59963
+1.63749,+5.66887
+1.63799,+5.40791
+1.63836,+5.76682
+1.63874,+6.34633
+1.63912,+5.10496
+1.64087,+5.52723
+1.64118,+6.07445
+1.64161,+6.91814
+1.64199,+7.37213
+1.64238,+7.86898
+1.64274,+6.41622
+1.64312,+7.24188
+1.64348,+7.46316
+1.64399,+7.65468
+1.64436,+7.50039
+1.64474,+7.28457
+1.64512,+7.18166
+1.64561,+6.98447
+1.64599,+6.9769
+1.64636,+6.98188
+1.64674,+8.94033
+1.64712,+7.02806
+1.64748,+5.04099
+1.64799,+4.84067
+1.64836,+4.88782
+1.64874,+5.1255
+1.64912,+5.24661
+1.64948,+5.30135
+1.64999,+5.45636
+1.65036,+5.3284
+1.65074,+3.27031
+1.65112,+5.06925
+1.65161,+7.02744
+1.65199,+5.09179
+1.65236,+7.02991
+1.65274,+7.04806
+1.65313,+5.0645
+1.65349,+4.94988
+1.65399,+2.98615
+1.65436,+2.96309
+1.65487,+4.89236
+1.65515,+4.89044
+1.65554,+4.94545
+1.65599,+6.96975
+1.65636,+6.9221
+1.65674,+6.59132
+1.65712,+8.40179
+1.65748,+8.59161
+1.65799,+10.3156
+1.65836,+10.5701
+1.65875,+10.6336
+1.65912,+10.5856
+1.65948,+8.45599
+1.65999,+8.47248
+1.66036,+8.51915
+1.66074,+8.80775
+1.66111,+8.96889
+1.66161,+9.03821
+1.66199,+9.09454
+1.66236,+9.06293
+1.66274,+9.10416
+1.66311,+9.1682
+1.66348,+11.0557
+1.66399,+9.15533
+1.66436,+9.13606
+1.66474,+8.2213
+1.66512,+8.22247
+1.66561,+6.14627
+1.66599,+6.26534
+1.66636,+4.24514
+1.66676,+4.1312
+1.66712,+3.90593
+1.66749,+2.04745
+1.66799,+3.87642
+1.66836,+3.7115
+1.66874,+4.4079
+1.66911,+4.29077
+1.66949,+4.22371
+1.66999,+4.17557
+1.67036,+6.0146
+1.67074,+6.04822
+1.67112,+6.30171
+1.6715,+8.04482
+1.67199,+8.03368
+1.67236,+6.13385
+1.67274,+4.36445
+1.67312,+4.35817
+1.67348,+6.33238
+1.67399,+6.32922
+1.67436,+6.09471
+1.67474,+5.91611
+1.67512,+5.86371
+1.67549,+6.01245
+1.67601,+6.06255
+1.67637,+8.11689
+1.67674,+9.80433
+1.67712,+7.98434
+1.67749,+7.79472
+1.67799,+7.80101
+1.67836,+8.16064
+1.67876,+6.20247
+1.67912,+6.16109
+1.67949,+5.88947
+1.67999,+5.79012
+1.68037,+5.64179
+1.68074,+5.74059
+1.68111,+7.46343
+1.68162,+7.32132
+1.68199,+7.17406
+1.68237,+7.07399
+1.68274,+8.90066
+1.68312,+8.89557
+1.68349,+9.17677
+1.68399,+9.16645
+1.68438,+9.16987
+1.68474,+9.20464
+1.68524,+9.12142
+1.68562,+9.39585
+1.68599,+9.40615
+1.68637,+9.16004
+1.68675,+7.39767
+1.68712,+7.27109
+1.68749,+7.03706
+1.68799,+6.90723
+1.68837,+6.6136
+1.68874,+6.46565
+1.68911,+6.53173
+1.68949,+6.33503
+1.68999,+6.33629
+1.69037,+5.60743
+1.69074,+5.46959
+1.69112,+5.47808
+1.69162,+5.45456
+1.69199,+5.34874
+1.69237,+5.43358
+1.69274,+3.5513
+1.69312,+1.54243
+1.69349,+1.53901
+1.69399,+1.35754
+1.69437,+2.08572
+1.69475,+3.88691
+1.69514,+3.91153
+1.69549,+3.94254
+1.69599,+4.04509
+1.69637,+4.1819
+1.69674,+4.14827
+1.69712,+4.21237
+1.69749,+2.32533
+1.69799,+2.33471
+1.69837,+2.38438
+1.69875,+2.49488
+1.69912,+2.21553
+1.69949,+2.2642
+1.69999,+2.17047
+1.70037,+2.1151
+1.70074,+3.77428
+1.70112,+5.50334
+1.70162,+7.28588
+1.70199,+7.09103
+1.70237,+4.98952
+1.70275,+5.02327
+1.70312,+3.37593
+1.70349,+3.47855
+1.70401,+3.54214
+1.70437,+3.47124
+1.70474,+3.66459
+1.70512,+3.55809
+1.70549,+3.62619
+1.70599,+3.66092
+1.70637,+5.53828
+1.70674,+5.59102
+1.70712,+7.09649
+1.70749,+6.76661
+1.70799,+6.38798
+1.70837,+6.25112
+1.70874,+6.07337
+1.70913,+6.19189
+1.70949,+6.043
+1.70999,+5.95952
+1.71037,+5.85013
+1.71075,+5.40962
+1.71114,+5.48974
+1.7115,+5.34045
+1.712,+5.58485
+1.71237,+3.70873
+1.71274,+3.50895
+1.71312,+3.37372
+1.71349,+3.34449
+1.71399,+3.2018
+1.71437,+1.51473
+1.71475,+0.852892
+1.71512,+0.917942
+1.71641,-0.791907
+1.71663,-0.877672
+1.71686,+1.00001
+1.71711,+1.10465
+1.71749,+1.03546
+1.71799,+1.03642
+1.71836,+1.10549
+1.71874,+2.8121
+1.71912,+3.61375
+1.71949,+3.44758
+1.71999,+4.97798
+1.72037,+4.89065
+1.72074,+4.83674
+1.72112,+4.89257
+1.72161,+4.97073
+1.72199,+4.94794
+1.72236,+4.83517
+1.72274,+4.84441
+1.72312,+4.7324
+1.72349,+4.8482
+1.72399,+5.04071
+1.72436,+4.91176
+1.72474,+4.80286
+1.72512,+2.95344
+1.72549,+2.78197
+1.72612,+2.68262
+1.72637,+2.71139
+1.72674,+2.56388
+1.72712,+2.55093
+1.72749,+2.44751
+1.72801,+2.53383
+1.72837,+2.67421
+1.72874,+0.953919
+1.72913,+2.67495
+1.72949,+0.967358
+1.72999,+1.06272
+1.73037,-0.6103
+1.73074,-2.33676
+1.73112,-2.47551
+1.73163,-2.56318
+1.73199,-2.91216
+1.73237,-4.81343
+1.73274,-3.14506
+1.73312,-3.04118
+1.73349,-1.33335
+1.73399,-1.43556
+1.73437,+0.298793
+1.73474,+2.10116
+1.73512,+2.24442
+1.73549,+2.30069
+1.73599,+2.55458
+1.73637,+2.40693
+1.73674,+2.34602
+1.73712,+2.29029
+1.7375,+2.28848
+1.738,+2.12103
+1.73837,+1.95536
+1.73874,+0.102852
+1.73912,-0.134058
+1.73949,-0.276678
+1.73999,-2.16433
+1.74037,-0.4112
+1.74074,-0.916734
+1.74112,-1.56266
+1.74163,-2.04835
+1.74199,-2.63303
+1.74236,-2.91968
+1.74275,-1.98998
+1.74312,-2.23515
+1.74349,-2.79199
+1.74399,-1.45188
+1.74437,-1.83115
+1.74474,-1.89046
+1.74512,-1.84375
+1.74549,-1.81875
+1.74599,-1.55797
+1.74637,-1.64981
+1.74674,-1.42558
+1.74712,-1.47997
+1.74749,-1.19963
+1.74799,-1.24209
+1.74837,-1.50743
+1.74874,-1.55669
+1.74912,-1.69589
+1.74949,-1.69891
+1.74999,-1.68374
+1.75037,-1.55977
+1.75074,-1.50489
+1.75112,-1.85075
+1.7515,-1.88421
+1.75199,-1.80802
+1.75237,-1.39037
+1.75274,-1.1628
+1.75312,-0.961636
+1.75349,-1.06425
+1.75399,-1.22235
+1.75437,-1.3061
+1.75475,-1.57483
+1.75515,-1.16635
+1.75551,-1.22258
+1.756,-1.34996
+1.75637,-1.59992
+1.75674,-1.72478
+1.75712,-2.1306
+1.75749,-2.33755
+1.75801,-2.19885
+1.75837,-2.1824
+1.75875,-1.86002
+1.75912,-2.03798
+1.75949,-2.0151
+1.75999,-1.96591
+1.76037,-1.74818
+1.76074,-1.74796
+1.76112,-1.48438
+1.76149,-1.24287
+1.76199,-1.30046
+1.76237,-1.46029
+1.76275,-1.70957
+1.76312,-1.66551
+1.76349,-1.73744
+1.76399,-1.80077
+1.76437,-2.02438
+1.76474,-2.05114
+1.76512,-2.00947
+1.76549,-2.24533
+1.766,-2.20961
+1.76637,-2.1807
+1.76675,-1.97001
+1.76712,-1.95726
+1.76749,-2.26144
+1.76799,-2.43047
+1.76837,-2.3319
+1.76874,-2.28779
+1.76913,-2.28189
+1.7695,-2.13194
+1.77,-2.39351
+1.77037,-2.27186
+1.77075,-2.37046
+1.77113,-2.34427
+1.77149,-1.90905
+1.77199,-1.63683
+1.77237,-1.72972
+1.77274,-1.79964
+1.77312,-1.91286
+1.77349,-1.81429
+1.77399,-1.83077
+1.77437,-1.84586
+1.77475,-1.96826
+1.77512,-2.03047
+1.77549,-2.0868
+1.77599,-2.3429
+1.77639,-2.08629
+1.77675,-1.90175
+1.77712,-1.78217
+1.77749,-1.94157
+1.77799,-1.68028
+1.77837,-2.00257
+1.77875,-1.80899
+1.77912,-1.6278
+1.77949,-1.7248
+1.77999,-1.50673
+1.78037,-1.87463
+1.78074,-1.96228
+1.78112,-2.24801
+1.78162,-1.92243
+1.782,-2.15558
+1.78237,-1.90225
+1.78275,-2.08424
+1.78312,-2.30051
+1.78349,-2.17519
+1.784,-2.03618
+1.78437,-1.79074
+1.78475,-1.64591
+1.78512,-1.34478
+1.7855,-1.76136
+1.786,-1.69384
+1.78637,-1.55632
+1.78677,-1.16325
+1.78713,-0.971069
+1.7875,-0.927806
+1.788,-1.04736
+1.78837,-1.27962
+1.78875,-1.66785
+1.78912,-1.58194
+1.78949,-1.30043
+1.79,-1.04361
+1.79037,-1.03846
+1.79075,-1.33251
+1.79112,-1.3985
+1.79151,-1.44734
+1.792,-1.80017
+1.79237,-1.53648
+1.79275,-1.25229
+1.79312,-1.49781
+1.7935,-1.56902
+1.794,-1.52766
+1.79437,-1.80446
+1.7948,-1.47817
+1.79515,-1.3121
+1.79554,-1.32272
+1.796,-1.02942
+1.79637,-1.02527
+1.79675,-1.18122
+1.79712,-0.776252
+1.7975,-0.598978
+1.798,-0.601235
+1.79837,-0.266802
+1.79875,-0.280376
+1.79912,-0.711993
+1.79949,-0.686001
+1.8,-0.416677
+1.80037,-0.256606
+1.80075,-0.133581
+1.80112,-0.176333
+1.80149,-0.335804
+1.802,-0.644511
+1.80237,-0.587287
+1.80275,-0.763841
+1.80312,-0.349366
+1.8035,-0.28809
+1.804,-0.321478
+1.80437,-0.284339
+1.80475,-0.431664
+1.80512,-0.810839
+1.80551,-0.626768
+1.80608,-0.59718
+1.80638,-0.651428
+1.80676,-0.489581
+1.80712,-0.47251
+1.8075,-0.787606
+1.808,-0.763881
+1.80837,-1.03393
+1.80875,-0.728548
+1.80912,-0.272256
+1.80949,-0.123354
+1.81,+0.441208
+1.81037,+0.558248
+1.81075,+0.664485
+1.81112,+0.812112
+1.81149,+1.22127
+1.812,+1.24906
+1.81237,+1.28591
+1.81275,+1.60065
+1.81312,+1.45434
+1.81351,+1.15206
+1.814,+1.0905
+1.81438,+1.13458
+1.81476,+1.3241
+1.81512,+1.27834
+1.8155,+1.502
+1.816,+1.61394
+1.81637,+1.75383
+1.81675,+1.65203
+1.81725,+1.89285
+1.8175,+2.34213
+1.81881,+2.15324
+1.81909,+2.08482
+1.81935,+2.07336
+1.81957,+1.88883
+1.82,+1.64013
+1.82037,+1.68483
+1.82075,+1.97434
+1.82112,+2.09368
+1.8215,+2.2008
+1.822,+2.04015
+1.82237,+2.38116
+1.82275,+2.58715
+1.82312,+2.69027
+1.82349,+3.19488
+1.824,+3.24031
+1.82437,+3.41206
+1.82475,+3.6686
+1.82512,+3.56839
+1.82551,+3.55107
+1.826,+4.03823
+1.82637,+4.1614
+1.82675,+4.26833
+1.82712,+4.38544
+1.82749,+4.25605
+1.828,+4.30091
+1.82838,+4.0534
+1.82875,+3.91767
+1.82912,+4.05149
+1.82951,+4.25607
+1.83,+4.16815
+1.83039,+4.34615
+1.83075,+4.24106
+1.83113,+3.90719
+1.83152,+4.01444
+1.832,+4.05672
+1.83237,+4.15894
+1.83275,+4.27921
+1.83312,+4.31086
+1.83351,+4.28845
+1.834,+3.97885
+1.83437,+3.84464
+1.83475,+4.02656
+1.83512,+4.12541
+1.8355,+4.31734
+1.836,+4.1756
+1.83637,+4.44802
+1.83675,+4.38861
+1.83713,+4.53072
+1.8375,+4.60469
+1.838,+4.66408
+1.83837,+4.80316
+1.83875,+4.80889
+1.83912,+5.07864
+1.8395,+4.80309
+1.84,+5.37825
+1.84037,+5.24506
+1.84078,+5.3851
+1.84114,+5.32508
+1.8415,+5.08642
+1.842,+5.06442
+1.84237,+5.12728
+1.84275,+5.11959
+1.84313,+5.19001
+1.8435,+5.46688
+1.84387,+5.42084
+1.84438,+5.58182
+1.84475,+5.59144
+1.84512,+5.37982
+1.84551,+5.35458
+1.846,+5.47254
+1.84638,+5.15957
+1.84675,+5.21679
+1.84714,+5.3368
+1.84775,+5.36054
+1.848,+5.10304
+1.84837,+5.02463
+1.84875,+4.97837
+1.84912,+5.21128
+1.8495,+5.12079
+1.85,+5.01927
+1.85038,+5.25657
+1.85075,+5.45289
+1.85113,+5.39172
+1.8515,+5.50238
+1.852,+5.75425
+1.85238,+5.89138
+1.85275,+5.92922
+1.85313,+6.0337
+1.85351,+6.03386
+1.85387,+6.25792
+1.85438,+6.32793
+1.85475,+6.06922
+1.85513,+6.0905
+1.8555,+5.66707
+1.856,+5.27175
+1.85638,+5.04364
+1.85675,+4.86614
+1.85713,+4.9276
+1.85751,+5.24584
+1.85802,+5.38006
+1.85838,+5.18577
+1.85879,+5.41927
+1.85915,+5.3067
+1.85951,+5.75122
+1.85987,+6.12537
+1.8604,+6.22144
+1.86075,+6.09656
+1.86115,+5.65143
+1.8615,+5.71851
+1.862,+5.73746
+1.86238,+5.6055
+1.86276,+5.48758
+1.86313,+5.35723
+1.8635,+4.88518
+1.86387,+4.82558
+1.86438,+4.88515
+1.86475,+5.00304
+1.86513,+5.30202
+1.8655,+5.18808
+1.86587,+4.79345
+1.86638,+4.83155
+1.86677,+4.83767
+1.86713,+4.85703
+1.86763,+5.10084
+1.86788,+5.27765
+1.86838,+5.32239
+1.86875,+5.30428
+1.86913,+5.20362
+1.8695,+5.33709
+1.86987,+5.34717
+1.87038,+5.54427
+1.87076,+5.44237
+1.87113,+5.47237
+1.87154,+5.00846
+1.87201,+4.85621
+1.87238,+4.63411
+1.87275,+4.73652
+1.87313,+4.72353
+1.87351,+4.57218
+1.87387,+4.90858
+1.87438,+4.56783
+1.87476,+4.50244
+1.87513,+4.50695
+1.8755,+4.60582
+1.87587,+4.30094
+1.87638,+4.09606
+1.87675,+4.13343
+1.87713,+4.10482
+1.87751,+4.08821
+1.878,+3.99723
+1.87838,+3.87207
+1.87876,+3.8867
+1.87913,+3.81938
+1.8795,+4.09314
+1.88004,+4.29333
+1.88038,+4.55804
+1.88076,+4.34913
+1.88113,+4.16707
+1.8815,+4.04094
+1.882,+3.64295
+1.88238,+3.67098
+1.88276,+3.2841
+1.88313,+3.30314
+1.8835,+3.27415
+1.88388,+3.08636
+1.88438,+2.73475
+1.88475,+2.93159
+1.88513,+3.10353
+1.8855,+3.24852
+1.88588,+3.22207
+1.88638,+3.60245
+1.88676,+3.93548
+1.88713,+3.91869
+1.8875,+3.86533
+1.88788,+4.05369
+1.88838,+3.99201
+1.88883,+3.63682
+1.88913,+3.63307
+1.8895,+3.35626
+1.88987,+3.45107
+1.89038,+3.02299
+1.89076,+2.84807
+1.89113,+2.99848
+1.8915,+3.07554
+1.89188,+3.12396
+1.89238,+3.51643
+1.89275,+3.44067
+1.89313,+3.50471
+1.8935,+3.64766
+1.89388,+3.61476
+1.89438,+3.94113
+1.89476,+4.15861
+1.89513,+3.98919
+1.8955,+3.98884
+1.896,+3.92351
+1.89638,+3.93404
+1.89675,+4.25607
+1.89713,+4.36185
+1.8975,+4.42652
+1.89801,+4.67991
+1.89838,+4.58885
+1.89876,+4.69443
+1.89913,+4.48008
+1.89951,+4.30966
+1.89988,+4.36844
+1.90039,+4.28782
+1.90075,+4.36964
+1.90113,+4.02312
+1.9015,+3.94829
+1.902,+3.98628
+1.90238,+4.04526
+1.90276,+3.93285
+1.90313,+4.1502
+1.9035,+4.38998
+1.90401,+3.92761
+1.90438,+3.63697
+1.90475,+3.33063
+1.90513,+3.39623
+1.90551,+3.59574
+1.90587,+3.19393
+1.90638,+2.78484
+1.90676,+2.67581
+1.90713,+2.59632
+1.90752,+2.09333
+1.90788,+2.14407
+1.90853,+2.16616
+1.90879,+2.29497
+1.90913,+2.15644
+1.90951,+1.95819
+1.90988,+2.35443
+1.91038,+2.71765
+1.91076,+2.80765
+1.91113,+2.60902
+1.91151,+2.88629
+1.91201,+2.69517
+1.91238,+2.96364
+1.91276,+2.99335
+1.91313,+3.05695
+1.91351,+2.82583
+1.91389,+2.4345
+1.91439,+2.06833
+1.91476,+1.89508
+1.91513,+2.15591
+1.9155,+2.11508
+1.9159,+2.39963
+1.91638,+2.38108
+1.91676,+2.3897
+1.91713,+2.25739
+1.91751,+2.51553
+1.91788,+2.60108
+1.91838,+2.64532
+1.91876,+2.32997
+1.91913,+2.43453
+1.9195,+2.59352
+1.92001,+2.76376
+1.92121,+2.78022
+1.92141,+2.76086
+1.92167,+3.07321
+1.92188,+2.78048
+1.92238,+2.97043
+1.92276,+3.25897
+1.92313,+3.56516
+1.92351,+3.49679
+1.92388,+3.18868
+1.92438,+3.22891
+1.92476,+2.94254
+1.92513,+2.88199
+1.92551,+2.88169
+1.92588,+3.18701
+1.92638,+3.24602
+1.92676,+3.36007
+1.92713,+3.21802
+1.92751,+3.30588
+1.92788,+3.27195
+1.92838,+3.00604
+1.92876,+3.3261
+1.92913,+3.35471
+1.9295,+3.30396
+1.92988,+2.90963
+1.93038,+2.75595
+1.93076,+2.66497
+1.93113,+2.99928
+1.93151,+2.95593
+1.93188,+3.23134
+1.93238,+3.36
+1.93278,+3.38482
+1.93314,+3.12775
+1.93351,+3.09582
+1.93389,+3.63814
+1.93438,+3.75206
+1.93476,+3.71074
+1.93513,+3.39817
+1.93551,+3.14586
+1.93607,+3.12327
+1.93638,+3.22384
+1.93676,+3.15314
+1.93713,+3.17076
+1.93751,+3.2069
+1.93788,+3.01569
+1.93839,+2.74692
+1.93889,+2.39266
+1.93916,+2.52689
+1.93952,+2.62361
+1.93988,+2.56669
+1.94038,+2.58238
+1.94076,+2.54656
+1.94113,+2.80493
+1.9415,+2.81614
+1.94188,+2.49296
+1.94238,+2.47241
+1.94276,+2.85467
+1.94315,+2.95132
+1.94352,+3.03789
+1.94388,+2.87424
+1.94438,+2.95071
+1.94476,+3.06302
+1.94513,+3.02389
+1.94551,+3.04924
+1.94588,+3.1481
+1.9464,+3.4765
+1.94677,+3.4698
+1.94713,+3.52356
+1.94752,+3.46354
+1.94788,+3.64433
+1.94838,+3.53524
+1.94876,+3.44393
+1.94913,+3.63838
+1.94951,+3.30658
+1.94988,+3.22413
+1.95038,+3.20799
+1.95076,+3.10189
+1.95113,+3.1086
+1.9515,+2.96221
+1.95201,+3.02438
+1.95238,+2.72428
+1.95276,+2.82048
+1.95313,+2.77347
+1.95351,+3.0704
+1.95388,+3.30532
+1.95439,+3.21217
+1.95476,+3.2865
+1.95513,+2.92551
+1.95551,+3.23676
+1.95588,+3.30983
+1.95638,+3.34045
+1.95676,+3.16264
+1.95713,+3.03635
+1.95751,+3.03906
+1.95788,+2.90675
+1.95838,+2.84035
+1.95876,+2.84012
+1.95914,+3.07764
+1.95951,+2.92964
+1.96014,+2.64851
+1.96051,+3.08591
+1.96076,+3.20921
+1.96127,+3.19879
+1.96176,+3.05133
+1.96215,+3.3107
+1.96241,+3.37233
+1.96278,+3.42654
+1.96314,+3.47609
+1.96351,+3.56705
+1.96388,+3.64993
+1.96438,+3.57103
+1.96476,+3.5718
+1.96513,+3.64997
+1.96551,+3.72305
+1.96588,+3.55456
+1.96638,+3.58026
+1.96676,+3.24994
+1.96713,+3.30341
+1.96751,+3.20812
+1.96788,+3.38852
+1.96839,+3.37204
+1.96876,+3.31867
+1.96913,+3.17502
+1.96951,+2.87802
+1.96988,+2.97563
+1.97039,+3.11072
+1.97076,+3.10401
+1.97113,+3.03217
+1.97152,+3.02945
+1.97188,+2.88733
+1.97238,+2.86108
+1.97276,+2.84784
+1.97314,+2.95284
+1.97351,+3.36769
+1.9739,+3.4661
+1.97439,+3.31027
+1.97476,+3.26292
+1.97514,+3.31488
+1.97552,+3.23207
+1.97588,+3.31648
+1.97639,+3.44339
+1.97676,+3.47507
+1.97713,+3.38651
+1.97751,+3.17036
+1.97789,+3.06165
+1.97838,+3.21711
+1.97876,+3.59311
+1.97914,+3.48682
+1.97951,+3.13639
+1.97988,+3.18299
+1.98039,+2.91145
+1.98076,+2.86907
+1.98113,+2.83822
+1.98151,+2.94268
+1.98188,+2.75829
+1.98239,+2.58147
+1.98277,+2.52583
+1.98314,+2.61226
+1.98351,+2.9112
+1.98388,+2.79639
+1.98439,+2.58175
+1.98476,+2.25777
+1.98514,+2.21447
+1.98551,+1.94901
+1.98589,+1.96573
+1.98639,+1.85077
+1.98676,+1.57858
+1.98714,+1.49058
+1.98751,+1.51234
+1.98788,+0.959311
+1.98839,+1.23752
+1.98876,+1.55284
+1.98914,+1.73942
+1.98981,+2.11809
+1.99002,+1.88028
+1.99039,+1.56161
+1.99076,+1.72811
+1.99114,+1.39546
+1.99152,+1.39946
+1.99201,+1.7105
+1.99239,+1.64307
+1.99276,+1.66498
+1.99314,+1.56384
+1.99351,+1.30293
+1.99389,+1.64938
+1.99439,+2.15291
+1.99476,+2.145
+1.99514,+2.25574
+1.99551,+2.16535
+1.99588,+2.3632
+1.99639,+2.10227
+1.99676,+1.74659
+1.99714,+1.37415
+1.99751,+1.55503
+1.99789,+1.24156
+1.99839,+1.08966
+1.99876,+0.973587
+1.99914,+0.901296
+1.99963,+0.999841
+2.00001,+1.02681
+2.00039,+1.23131
+2.00076,+1.33448
+2.00114,+1.30486
+2.00153,+1.11162
+2.00188,+1.43976
+2.00239,+1.36841
+2.00277,+1.38129
+2.00314,+1.56938
+2.00352,+1.15803
+2.00389,+0.993849
+2.00439,+0.850029
+2.00476,+0.851177
+2.00514,+1.06428
+2.00552,+1.04375
+2.00589,+0.999704
+2.00639,+0.970238
+2.00677,+0.695845
+2.00714,+0.614425
+2.00752,+0.916506
+2.00789,+0.820942
+2.00839,+0.730273
+2.00877,+0.269291
+2.00914,+0.139158
+2.01066,+0.025863
+2.01092,-0.357727
+2.01118,-0.626559
+2.01164,-0.711103
+2.01189,-0.80942
+2.01239,-0.769913
+2.01277,-0.963822
+2.01314,-0.956249
+2.01352,-0.668475
+2.01389,-0.524166
+2.01439,-0.538332
+2.01477,-0.428813
+2.01514,-0.423981
+2.01551,-0.596334
+2.01589,-0.502247
+2.01639,-0.626834
+2.01677,-0.475602
+2.01714,-0.402848
+2.01752,-0.604037
+2.01789,-0.964122
+2.0184,-0.933477
+2.01877,-0.935653
+2.01914,-1.10763
+2.01952,-0.876425
+2.01989,-1.11267
+2.02039,-1.45577
+2.02077,-1.45476
+2.02114,-1.55272
+2.02152,-1.37457
+2.02189,-1.25166
+2.02239,-1.28322
+2.02361,-1.51227
+2.02381,-1.45471
+2.02407,-1.3864
+2.02439,-1.27098
+2.02476,-1.12226
+2.02514,-1.36325
+2.02551,-1.2455
+2.02589,-1.3965
+2.02639,-1.72809
+2.02677,-1.81901
+2.02714,-1.8733
+2.02751,-1.87891
+2.02789,-1.94906
+2.02839,-2.10522
+2.02876,-2.35646
+2.02914,-2.37252
+2.02951,-2.75737
+2.02989,-3.0916
+2.03039,-3.04016
+2.03076,-3.32421
+2.03114,-3.15009
+2.03152,-2.93577
+2.03202,-3.1222
+2.03239,-3.02283
+2.03276,-2.66629
+2.03314,-2.3793
+2.03351,-2.4654
+2.03389,-2.14119
+2.03439,-1.88893
+2.03477,-1.65173
+2.03516,-1.52736
+2.03552,-1.56511
+2.03589,-1.38117
+2.0364,-1.30446
+2.03677,-1.36732
+2.03714,-1.54783
+2.03751,-1.58929
+2.03789,-1.87929
+2.03839,-2.00948
+2.03877,-2.18345
+2.03914,-2.54364
+2.03952,-2.8738
+2.03989,-2.77713
+2.04039,-2.89616
+2.04076,-2.94608
+2.04114,-2.9367
+2.04151,-2.56447
+2.04189,-2.48559
+2.04239,-2.32802
+2.04277,-2.20068
+2.04314,-1.98998
+2.04351,-1.64424
+2.0439,-2.04433
+2.04439,-2.07463
+2.04476,-2.11588
+2.04514,-2.15063
+2.04552,-2.16315
+2.0459,-2.0399
+2.04639,-2.13807
+2.04677,-2.45451
+2.04714,-2.32354
+2.04752,-2.37268
+2.04789,-2.0781
+2.04839,-2.11836
+2.04877,-2.10799
+2.04914,-2.1197
+2.04952,-2.1009
+2.04989,-2.09135
+2.05039,-1.98328
+2.05077,-1.64373
+2.05115,-1.98794
+2.05152,-2.06312
+2.05191,-2.12751
+2.05239,-2.11394
+2.05277,-2.23933
+2.05314,-2.11364
+2.05352,-2.23323
+2.05389,-2.24051
+2.05439,-2.69452
+2.05478,-2.72234
+2.05514,-2.45558
+2.05552,-2.39187
+2.05589,-2.37803
+2.05639,-2.42722
+2.05677,-2.21995
+2.05714,-2.5678
+2.05752,-2.65696
+2.05789,-2.60504
+2.05839,-2.58585
+2.05877,-2.92159
+2.05914,-2.9672
+2.05952,-2.99222
+2.05989,-3.11847
+2.06039,-3.06807
+2.06077,-3.2947
+2.06114,-3.12081
+2.06152,-2.92447
+2.06189,-3.17815
+2.06248,-3.04248
+2.06277,-2.97838
+2.06314,-3.28746
+2.06352,-3.2536
+2.06389,-3.12077
+2.06439,-3.12428
+2.06477,-3.00627
+2.06516,-2.8968
+2.06552,-3.07031
+2.0659,-2.87131
+2.06639,-2.53074
+2.06677,-2.3513
+2.06714,-2.04699
+2.06752,-2.14723
+2.06789,-2.11831
+2.06839,-2.36465
+2.06877,-2.39192
+2.06914,-2.47695
+2.06952,-2.70814
+2.06989,-2.5799
+2.07039,-2.67352
+2.07077,-2.61838
+2.07114,-2.66165
+2.07151,-2.87
+2.07202,-2.84967
+2.07239,-2.74116
+2.07277,-2.73403
+2.07314,-2.83533
+2.07352,-2.52596
+2.0739,-2.68116
+2.07439,-2.8957
+2.07477,-3.04063
+2.07514,-3.29754
+2.07552,-3.02668
+2.07589,-3.05695
+2.07641,-3.10655
+2.07677,-3.04739
+2.07714,-3.0789
+2.07752,-3.30761
+2.0779,-3.2116
+2.07839,-2.89501
+2.07877,-2.63281
+2.07914,-2.18072
+2.07952,-2.10664
+2.07989,-1.93318
+2.08039,-1.58381
+2.08077,-1.90683
+2.08114,-1.58166
+2.08165,-1.26719
+2.0819,-1.39631
+2.08239,-1.44154
+2.08277,-1.67433
+2.08314,-1.81849
+2.08352,-1.88938
+2.08389,-2.01136
+2.0844,-2.16393
+2.08477,-1.66455
+2.08515,-1.75542
+2.08552,-1.97968
+2.0859,-1.78731
+2.08639,-1.94992
+2.08677,-1.70619
+2.08714,-1.69785
+2.08752,-1.66793
+2.08789,-1.66383
+2.08839,-1.80608
+2.08877,-1.71883
+2.08914,-1.6567
+2.08952,-1.52681
+2.0899,-1.77932
+2.09039,-1.57647
+2.09078,-1.49243
+2.09114,-1.46539
+2.09154,-1.44925
+2.09189,-1.37528
+2.09239,-1.08176
+2.09277,-1.28248
+2.09314,-1.35723
+2.09352,-1.12642
+2.09392,-0.849825
+2.09439,-0.746664
+2.09477,-0.72439
+2.09514,-0.66001
+2.09552,-0.802875
+2.0959,-0.881679
+2.09639,-0.875316
+2.09677,-1.01777
+2.09714,-0.868397
+2.09752,-0.958537
+2.09789,-0.874615
+2.09839,-0.979236
+2.09877,-0.896412
+2.09914,-0.721141
+2.09952,-0.696304
+2.0999,-0.655878
+2.10039,-0.543095
+2.10077,-0.426984
+2.10114,-0.429777
+2.10153,-0.596783
+2.10189,-0.71861
+2.1024,-0.640554
+2.10277,-0.664604
+2.10314,-0.786316
+2.10352,-0.441252
+2.10389,-0.201866
+2.10439,-0.182034
+2.10477,+0.124846
+2.10514,+0.232657
+2.10552,+0.621976
+2.1059,+0.90577
+2.10639,+1.07407
+2.1068,+1.03732
+2.10715,+1.12233
+2.10752,+1.31167
+2.1079,+1.40971
+2.10827,+1.14962
+2.10877,+1.05724
+2.10915,+1.20646
+2.10952,+1.06165
+2.1099,+0.90197
+2.11039,+0.923702
+2.11077,+1.09871
+2.11115,+1.13549
+2.11152,+1.02327
+2.11202,+0.693381
+2.11227,+0.772135
+2.11277,+0.923126
+2.11314,+0.891168
+2.11352,+0.931455
+2.11389,+1.08836
+2.11427,+1.18046
+2.11478,+1.07741
+2.11514,+1.119
+2.11552,+1.18085
+2.1159,+1.27183
+2.11627,+1.80954
+2.11677,+1.60081
+2.11714,+1.42027
+2.11752,+1.40282
+2.1179,+1.42342
+2.11827,+1.31387
+2.11877,+1.16226
+2.11949,+1.33358
+2.11974,+1.5583
+2.11997,+1.79951
+2.12027,+1.41598
+2.12078,+1.70249
+2.12115,+1.78342
+2.12165,+1.66065
+2.1219,+1.73011
+2.12252,+1.77297
+2.12277,+1.93168
+2.12315,+1.61073
+2.12352,+1.41681
+2.1239,+1.42317
+2.1244,+1.8004
+2.12477,+1.69407
+2.12601,+1.94415
+2.12619,+2.43875
+2.12645,+2.43347
+2.12677,+2.20663
+2.12715,+2.26416
+2.12752,+2.53291
+2.1279,+2.63479
+2.12827,+2.65694
+2.12877,+2.57116
+2.12915,+2.72532
+2.12952,+2.76971
+2.1299,+2.78623
+2.13027,+2.46944
+2.13077,+2.53733
+2.13115,+2.67267
+2.13153,+2.45426
+2.1319,+2.39079
+2.1324,+2.32672
+2.13277,+2.30195
+2.13315,+2.20465
+2.13352,+2.13319
+2.1339,+2.14898
+2.13427,+2.59131
+2.13477,+2.91872
+2.13515,+2.96648
+2.13552,+3.2447
+2.1359,+3.23892
+2.13627,+3.3362
+2.13677,+3.3179
+2.13715,+3.32289
+2.13752,+3.23665
+2.1379,+2.89149
+2.13827,+2.83984
+2.13879,+2.71313
+2.13915,+2.61429
+2.13952,+2.4784
+2.1399,+2.34136
+2.1403,+2.35985
+2.14079,+2.2498
+2.14115,+2.22256
+2.14153,+2.18836
+2.1419,+2.56506
+2.1424,+2.44821
+2.14277,+2.13517
+2.14315,+2.33775
+2.14353,+2.33892
+2.1439,+2.49806
+2.14427,+2.48211
+2.14477,+2.60114
+2.14515,+2.46788
+2.14552,+2.19632
+2.1459,+2.09853
+2.14627,+2.19875
+2.14678,+2.50127
+2.14715,+2.08409
+2.14752,+2.06044
+2.1479,+2.06712
+2.14828,+2.05344
+2.14878,+2.0718
+2.14915,+2.15122
+2.14952,+2.58982
+2.1499,+2.4417
+2.15027,+2.25268
+2.15078,+2.26913
+2.15115,+2.57718
+2.15153,+2.53405
+2.1519,+2.10406
+2.15227,+2.12014
+2.1529,+2.12486
+2.15316,+2.19076
+2.15352,+2.09335
+2.1539,+2.12564
+2.15427,+2.08934
+2.15478,+2.08648
+2.15515,+2.08851
+2.15552,+2.31164
+2.1559,+2.72154
+2.15627,+2.78627
+2.15677,+2.44996
+2.15715,+2.3684
+2.15752,+2.25886
+2.1579,+2.03084
+2.15827,+2.21356
+2.15878,+2.11492
+2.15915,+2.0468
+2.15953,+2.03381
+2.1599,+1.88854
+2.16027,+1.66128
+2.16077,+2.02198
+2.16115,+1.89814
+2.16152,+1.93246
+2.1619,+2.21299
+2.16227,+2.14379
+2.16278,+2.09682
+2.16315,+2.13198
+2.16352,+2.06737
+2.1639,+2.25823
+2.16427,+2.24039
+2.16478,+2.10559
+2.16517,+2.25299
+2.16553,+2.24424
+2.1659,+2.20614
+2.16627,+2.18448
+2.16678,+2.44956
+2.16715,+2.43334
+2.16753,+2.3258
+2.16792,+2.20978
+2.16827,+1.96501
+2.16878,+1.91031
+2.16915,+1.8929
+2.16953,+1.82884
+2.1699,+1.67213
+2.17027,+1.43823
+2.17078,+1.20377
+2.17115,+1.22936
+2.17152,+1.3303
+2.1719,+1.29477
+2.17227,+1.70555
+2.17278,+1.74871
+2.17315,+1.74765
+2.17353,+1.77027
+2.1739,+1.64892
+2.17427,+1.82688
+2.17478,+1.84508
+2.17515,+1.72505
+2.17552,+1.66882
+2.1759,+1.7089
+2.17627,+1.59028
+2.17678,+1.66444
+2.17715,+1.472
+2.17753,+1.53521
+2.1779,+1.7781
+2.17827,+1.43714
+2.17893,+1.46743
+2.17918,+1.42896
+2.17953,+1.37455
+2.1799,+1.35408
+2.18028,+1.15004
+2.18077,+1.05665
+2.18115,+1.40495
+2.18165,+1.20879
+2.18203,+1.17832
+2.18227,+1.36859
+2.18278,+1.3825
+2.18328,+1.57975
+2.18353,+1.6769
+2.1839,+1.69465
+2.18427,+1.97978
+2.18478,+1.94624
+2.18515,+1.84911
+2.18553,+1.89729
+2.1859,+1.81927
+2.18628,+1.81056
+2.18678,+1.86516
+2.18715,+1.65062
+2.18753,+1.50056
+2.1879,+1.50423
+2.18828,+1.47526
+2.18878,+1.46185
+2.18915,+1.06523
+2.18953,+1.19893
+2.1899,+1.32602
+2.19028,+1.16042
+2.19078,+0.934384
+2.19115,+0.81746
+2.19165,+0.663558
+2.1919,+0.555833
+2.1924,+0.428282
+2.19278,+0.484804
+2.19315,+1.06066
+2.19353,+1.10363
+2.1939,+1.05951
+2.19427,+1.37277
+2.19478,+1.59558
+2.19515,+1.80667
+2.19553,+1.78801
+2.19594,+1.81264
+2.19629,+1.98483
+2.19678,+2.01651
+2.19715,+1.74224
+2.19753,+1.56316
+2.1979,+1.4847
+2.19827,+1.45556
+2.19878,+1.41649
+2.19915,+1.45061
+2.19953,+1.73588
+2.19991,+1.77597
+2.20027,+1.68012
+2.20078,+1.62826
+2.20115,+1.68401
+2.20153,+1.52933
+2.2019,+1.67268
+2.20228,+1.45316
+2.20278,+1.10876
+2.20316,+1.15524
+2.20353,+1.08347
+2.2039,+1.10416
+2.2044,+1.01251
+2.20478,+0.955796
+2.20515,+1.01708
+2.20553,+1.28423
+2.20591,+1.1905
+2.20628,+1.16645
+2.20678,+1.57502
+2.20716,+1.18652
+2.20753,+1.18751
+2.2079,+1.20548
+2.20828,+1.34848
+2.20878,+1.33038
+2.20915,+1.31774
+2.20953,+0.980818
+2.2099,+0.91799
+2.21028,+1.36672
+2.21078,+1.33641
+2.21115,+1.58085
+2.21153,+1.59674
+2.2119,+1.26287
+2.21228,+0.941766
+2.21278,+0.936843
+2.21315,+0.694562
+2.21353,+0.923813
+2.21391,+1.06433
+2.21428,+0.839442
+2.21478,+0.763427
+2.21516,+0.843966
+2.21562,+0.950602
+2.21591,+1.17003
+2.21628,+1.55527
+2.21678,+1.33113
+2.21715,+1.36355
+2.21753,+1.38777
+2.21791,+1.02132
+2.21828,+1.13086
+2.21878,+1.09325
+2.21915,+0.832784
+2.21953,+0.82994
+2.21991,+0.854089
+2.22028,+0.797353
+2.22078,+0.779799
+2.22116,+0.630663
+2.22153,+0.372019
+2.2219,+0.626932
+2.22228,+0.629463
+2.22278,+0.479484
+2.22316,+0.571117
+2.22354,+0.464628
+2.22391,+0.570798
+2.22428,+0.451742
+2.22478,+0.794705
+2.22516,+1.12541
+2.22553,+1.47403
+2.22591,+1.4327
+2.22628,+1.27472
+2.22678,+1.0411
+2.22715,+1.00419
+2.22753,+0.802475
+2.22841,+0.41558
+2.22862,+0.162611
+2.22881,+0.161849
+2.22915,-0.204004
+2.22953,-0.155092
+2.22991,-0.251331
+2.23027,-0.11174
+2.23078,+0.264446
+2.23115,+0.266589
+2.23153,+0.344946
+2.2319,+0.46906
+2.23228,+0.634859
+2.23278,+0.478456
+2.23315,+0.616357
+2.23353,+0.52593
+2.2339,+0.665932
+2.23428,+0.641546
+2.23478,+0.682856
+2.23515,+0.348206
+2.23553,+0.514667
+2.2359,+0.58325
+2.23628,+0.689791
+2.23678,+0.708176
+2.23715,+0.755939
+2.23753,+0.671816
+2.2379,+0.689146
+2.23827,+0.569793
+2.23878,+0.474603
+2.23915,+0.842527
+2.23953,+0.542541
+2.23992,+0.517857
+2.24028,+0.461548
+2.24078,+0.501375
+2.24116,+0.648726
+2.24153,+0.583651
+2.2419,+0.23793
+2.24228,+0.315534
+2.24279,-0.0426174
+2.24315,-0.124284
+2.24352,+0.00186305
+2.24403,+0.0464264
+2.24432,-0.3058
+2.24478,-0.675506
+2.24515,-0.824199
+2.24553,-0.905951
+2.2459,-1.01413
+2.24628,-1.05892
+2.24678,-0.795776
+2.24715,-0.905418
+2.24753,-1.0211
+2.24791,-1.20029
+2.24828,-0.934232
+2.24878,-0.609129
+2.24915,-0.500547
+2.24953,-0.449953
+2.24991,-0.539575
+2.25028,-0.562348
+2.2508,-0.87603
+2.25116,-0.774416
+2.25153,-0.814434
+2.25191,-0.747621
+2.25228,-0.577682
+2.25278,-0.539294
+2.25315,-0.795478
+2.25353,-0.697412
+2.25392,-0.196615
+2.25428,-0.102076
+2.25479,+0.150351
+2.25516,+0.15778
+2.25553,+0.331005
+2.25591,+0.44669
+2.25628,+0.229184
+2.2568,+0.17067
+2.25716,+0.168325
+2.25753,+0.252973
+2.25791,-0.258807
+2.25828,-0.307112
+2.25878,-0.292673
+2.25916,-0.53625
+2.25978,-0.47638
+2.26006,-0.505865
+2.26028,-0.311408
+2.26078,-0.270241
+2.26115,-0.00322176
+2.26166,-0.321451
+2.26191,+0.111061
+2.26228,+0.173349
+2.26278,+0.314843
+2.26316,+0.56715
+2.26353,+0.610386
+2.26403,+0.612339
+2.26428,+0.505442
+2.26478,+0.500379
+2.26515,+0.15755
+2.26553,-0.0182488
+2.26591,+0.0121565
+2.26628,-0.0330829
+2.26679,-0.268271
+2.26716,-0.33182
+2.26755,-0.385517
+2.26791,-0.595954
+2.26828,-0.565934
+2.26878,-0.658174
+2.26915,-0.498334
+2.26953,-0.315016
+2.26992,-0.254941
+2.27028,-0.295
+2.27079,-0.0469927
+2.27116,-0.149753
+2.27153,-0.143899
+2.27191,+0.120817
+2.27228,-0.11181
+2.27278,-0.0957083
+2.27316,+0.0994318
+2.27353,+0.0373671
+2.27391,+0.0799337
+2.27428,-0.155806
+2.27479,-0.308657
+2.27516,-0.133796
+2.27553,-0.0823085
+2.27591,-0.382647
+2.27628,-0.0478814
+2.27678,+0.0215577
+2.27716,+0.064172
+2.27753,+0.41559
+2.27791,+0.443586
+2.27828,+0.675773
+2.27878,+0.818473
+2.27916,+0.989812
+2.27953,+0.712522
+2.27991,+1.1047
+2.28028,+1.00932
+2.28078,+1.08844
+2.28117,+0.954925
+2.28153,+0.695962
+2.28191,+0.407391
+2.28228,+0.437694
+2.28279,+0.368383
+2.28316,+0.37298
+2.28353,+0.686075
+2.28391,+0.458017
+2.28428,+0.557232
+2.28478,+0.5367
+2.28516,+0.663437
+2.28553,+0.7635
+2.28591,+0.682208
+2.28629,+0.696786
+2.28679,+0.896622
+2.28716,+0.796851
+2.28753,+0.708775
+2.28791,+0.766772
+2.28828,+0.885145
+2.28878,+0.665807
+2.28916,+0.236306
+2.28953,+0.400052
+2.28991,+0.696847
+2.29028,+0.803525
+2.29079,+0.786318
+2.29116,+0.738422
+2.29155,+0.405592
+2.29191,+0.522242
+2.29228,+0.405293
+2.29279,+0.478783
+2.29316,+0.793533
+2.29353,+0.484485
+2.29391,+0.546368
+2.29441,+0.256046
+2.29478,+0.182958
+2.29516,-0.0896449
+2.29553,+0.25449
+2.29591,+0.206074
+2.29628,+0.0797912
+2.29678,+0.243584
+2.29716,+0.318091
+2.29754,+0.606255
+2.29791,+0.488227
+2.29828,+0.508153
+2.29881,+0.356656
+2.29916,+0.773844
+2.29953,+0.759304
+2.29991,+0.752828
+2.30028,+0.745844
+2.30078,+0.739885
+2.30116,+0.632205
+2.30153,+0.533762
+2.30191,+0.487605
+2.30228,+0.492477
+2.30279,+0.701493
+2.30316,+0.20973
+2.30354,+0.189806
+2.30391,+0.27194
+2.30431,-0.0715808
+2.30479,-0.114001
+2.30516,-0.111219
+2.30553,-0.0444709
+2.30591,-0.0966158
+2.30628,+0.155672
+2.30679,+0.0865415
+2.30716,+0.470533
+2.30753,+0.5308
+2.30791,+0.355486
+2.30828,+0.448362
+2.30878,+0.450058
+2.30916,+0.535587
+2.30954,+0.567554
+2.30991,+0.590914
+2.31028,+0.440755
+2.31079,+0.487476
+2.31116,+0.420456
+2.31154,+0.347781
+2.31191,+0.196177
+2.31229,+0.342164
+2.31279,-0.11297
+2.31316,-0.181881
+2.31353,-0.295501
+2.31391,-0.40854
+2.31429,-0.652808
+2.31479,-0.804005
+2.31516,-1.11381
+2.31553,-1.0808
+2.31591,-0.986427
+2.31629,-0.726352
+2.31679,-0.490449
+2.31716,-0.521418
+2.31754,-0.601722
+2.31802,-0.42624
+2.31828,-0.115226
+2.31879,-0.0729465
+2.31916,+0.299237
+2.31954,+0.17824
+2.31991,+0.19877
+2.32028,-0.101359
+2.32079,-0.0496579
+2.32116,-0.118997
+2.32154,-0.110635
+2.32191,-0.207241
+2.32228,-0.325722
+2.32279,-0.701496
+2.32316,-0.951433
+2.32354,-0.99273
+2.32391,-0.875869
+2.3243,-0.726553
+2.32479,-0.621821
+2.32516,-0.571062
+2.32554,-0.473227
+2.32591,-0.459017
+2.32629,-0.466014
+2.32679,-0.28485
+2.32716,-0.138373
+2.32754,-0.252907
+2.32792,-0.377923
+2.32828,-0.378067
+2.32879,-0.501133
+2.32916,-0.834112
+2.32954,-1.03905
+2.32991,-1.35557
+2.33081,-1.43653
+2.33107,-1.32932
+2.33131,-1.45258
+2.33156,-1.57364
+2.33191,-1.73963
+2.33229,-1.77
+2.33266,-1.7753
+2.33316,-1.44945
+2.33354,-1.36756
+2.33391,-1.16493
+2.3343,-1.1527
+2.33479,-1.51603
+2.33517,-1.4235
+2.33554,-1.3776
+2.33592,-1.23821
+2.33628,-1.55433
+2.33679,-1.50186
+2.33716,-1.6097
+2.33754,-1.62367
+2.33791,-1.5223
+2.33829,-1.50272
+2.33879,-1.24648
+2.33917,-1.60357
+2.33954,-1.56221
+2.33991,-1.705
+2.3403,-1.57248
+2.34079,-1.70349
+2.34116,-1.7586
+2.34154,-1.67081
+2.34191,-2.00966
+2.34236,-2.08245
+2.34267,-1.97088
+2.34316,-1.63381
+2.34355,-1.84886
+2.34391,-1.83607
+2.34429,-1.8955
+2.34479,-2.04561
+2.34516,-2.19523
+2.34554,-2.3743
+2.34593,-2.02499
+2.34629,-2.20092
+2.34679,-2.62548
+2.34717,-2.66579
+2.34754,-2.22371
+2.34791,-2.37467
+2.34829,-2.25682
+2.34879,-2.13641
+2.34916,-2.18294
+2.34954,-2.17722
+2.34991,-2.64354
+2.3503,-2.23508
+2.35067,-1.9644
+2.35117,-2.28347
+2.35155,-2.68696
+2.35192,-2.36593
+2.3523,-2.34967
+2.35285,-2.38074
+2.35317,-2.12124
+2.35354,-2.24118
+2.35392,-1.93811
+2.35429,-2.38815
+2.35468,-2.61001
+2.35518,-2.42941
+2.35554,-2.39923
+2.35592,-2.37125
+2.3563,-2.63515
+2.35679,-2.64176
+2.35716,-2.60391
+2.35754,-2.51551
+2.35792,-2.40661
+2.35829,-2.36514
+2.35867,-2.1452
+2.35917,-2.24397
+2.35954,-1.9968
+2.35992,-2.17978
+2.36029,-1.8904
+2.36066,-1.95422
+2.36116,-2.26261
+2.36154,-2.26522
+2.36192,-2.12783
+2.36229,-1.93712
+2.36266,-2.01129
+2.36317,-1.82593
+2.36354,-1.93984
+2.36392,-1.90011
+2.36429,-1.91181
+2.36466,-1.76883
+2.36516,-1.75075
+2.36554,-1.73076
+2.36591,-2.05921
+2.36629,-2.09306
+2.36666,-1.98102
+2.36716,-1.89798
+2.36754,-1.78608
+2.36792,-1.67557
+2.36829,-2.08573
+2.36866,-2.0308
+2.36917,-1.93288
+2.36965,-1.88617
+2.36992,-1.81571
+2.37029,-1.73371
+2.37067,-1.94682
+2.37117,-2.32289
+2.37167,-2.56011
+2.37204,-3.0033
+2.37239,-2.59342
+2.3728,-2.76016
+2.37317,-2.66362
+2.37354,-2.88069
+2.37392,-3.26772
+2.3743,-3.35322
+2.3748,-3.39447
+2.37517,-3.28931
+2.37554,-3.12612
+2.37592,-2.92898
+2.3763,-3.09292
+2.37666,-3.0167
+2.37717,-3.1201
+2.37754,-2.95066
+2.37792,-2.6551
+2.3783,-2.52362
+2.37867,-2.35332
+2.37917,-2.25214
+2.37954,-2.1508
+2.37992,-2.01164
+2.38029,-1.95161
+2.38067,-1.86238
+2.38117,-1.81002
+2.38154,-1.76785
+2.38192,-1.51761
+2.3823,-1.90327
+2.38267,-1.88181
+2.38317,-1.8741
+2.38356,-1.98645
+2.38392,-1.86879
+2.3843,-2.13876
+2.38467,-1.99236
+2.38517,-1.79092
+2.38554,-2.23601
+2.38592,-2.38583
+2.3863,-1.9984
+2.3868,-1.98814
+2.38717,-1.76367
+2.38754,-2.04818
+2.38792,-2.26449
+2.3883,-1.98633
+2.38867,-2.01131
+2.38917,-2.26444
+2.38954,-1.79057
+2.38992,-1.66715
+2.3903,-1.69711
+2.39067,-1.97731
+2.39117,-2.15598
+2.39155,-1.8236
+2.39192,-1.82419
+2.3923,-1.9964
+2.39267,-2.10508
+2.39317,-2.00083
+2.39354,-1.98871
+2.39392,-1.99224
+2.39429,-1.97305
+2.39467,-1.57379
+2.39517,-1.50608
+2.39554,-1.47366
+2.39592,-1.41589
+2.3963,-1.32023
+2.39667,-1.4647
+2.39717,-1.32447
+2.39754,-1.34021
+2.39792,-1.28282
+2.3983,-1.14336
+2.39867,-1.40053
+2.39917,-1.39074
+2.39954,-1.38832
+2.39992,-1.23585
+2.4003,-0.908146
+2.40067,-0.74925
+2.40118,-1.01399
+2.40154,-0.953873
+2.40192,-0.890652
+2.4023,-1.12813
+2.4028,-1.05526
+2.40317,-1.07902
+2.40354,-0.846871
+2.40392,-0.768862
+2.4043,-0.859892
+2.40467,-1.08739
+2.40517,-0.747297
+2.40554,-0.697568
+2.40592,-0.773062
+2.4063,-0.695919
+2.4068,-0.646224
+2.40717,-0.351483
+2.40754,-0.395854
+2.40792,-0.463324
+2.4083,-0.512869
+2.40867,-0.151642
+2.40917,-0.0818998
+2.40954,-0.232403
+2.40992,-0.365324
+2.4103,-0.191234
+2.41067,-0.25814
+2.41117,-0.463993
+2.41155,-0.725264
+2.41192,-0.52393
+2.4123,-0.594196
+2.41267,-0.715501
+2.41317,-1.00332
+2.41354,-0.714997
+2.41392,-0.495043
+2.41429,-0.51091
+2.41467,-0.499644
+2.41517,-0.746858
+2.41554,-0.58614
+2.41605,-0.559438
+2.41631,-0.325074
+2.4168,-0.336908
+2.41717,-0.0666475
+2.41754,-0.523418
+2.41792,-0.401504
+2.4183,-0.0965392
+2.41867,+0.311775
+2.41917,+0.644383
+2.41955,+0.864099
+2.41992,+0.789006
+2.4203,+0.567637
+2.42069,+0.782518
+2.42117,+0.813328
+2.42155,+1.22438
+2.42192,+1.14773
+2.4223,+0.516715
+2.42267,+0.486368
+2.42317,+0.510397
+2.42354,+0.194903
+2.42428,+0.295491
+2.4245,+0.723187
+2.42477,+0.879765
+2.42517,+0.91697
+2.42555,+1.15004
+2.42594,+1.26103
+2.4263,+1.78065
+2.42667,+1.70672
+2.42717,+1.77284
+2.42755,+1.97473
+2.42794,+1.85011
+2.4283,+1.52128
+2.42867,+1.14142
+2.42917,+0.82237
+2.42955,+0.797273
+2.42992,+0.741236
+2.4303,+0.44684
+2.43067,+0.560057
+2.43118,+0.191012
+2.43155,-0.0145979
+2.43193,-0.375364
+2.4323,-0.221436
+2.43321,-0.180683
+2.43349,-0.0568889
+2.43367,-0.334776
+2.43392,-0.298503
+2.4343,+0.0327158
+2.43467,+0.0638516
+2.43517,+0.51991
+2.43555,+0.696474
+2.43592,+1.02322
+2.4363,+0.961338
+2.4368,+1.16093
+2.43717,+1.35931
+2.43755,+1.22158
+2.43792,+0.969517
+2.43829,+0.591156
+2.43867,+0.41352
+2.43917,+0.385802
+2.43954,+0.377177
+2.43993,+0.409658
+2.44029,+0.623392
+2.44067,+0.647601
+2.44117,+0.651469
+2.44155,+0.618584
+2.44192,+0.896618
+2.44229,+1.26123
+2.44267,+1.40071
+2.44317,+1.27442
+2.44354,+1.2783
+2.44392,+1.32641
+2.44429,+0.9376
+2.44471,+0.862048
+2.44517,+0.680802
+2.44555,+1.09062
+2.44593,+0.71798
+2.44642,+0.447404
+2.4467,+0.445131
+2.44717,+0.644205
+2.44755,+0.456878
+2.44793,+0.382811
+2.4483,+0.644959
+2.44867,+0.400673
+2.44917,+0.493811
+2.44955,+0.482634
+2.44992,+0.779326
+2.45029,+0.864369
+2.45067,+0.766702
+2.45117,+0.568382
+2.45155,+0.765825
+2.45192,+0.740181
+2.4523,+0.817804
+2.45267,+0.673252
+2.45317,+0.320859
+2.45355,+0.222444
+2.45392,-0.00238652
+2.4543,+0.199989
+2.45467,+0.171391
+2.45526,+0.0885674
+2.45555,-0.242302
+2.45593,-0.652307
+2.45631,-0.736711
+2.45667,-0.392342
+2.45717,-0.373092
+2.45755,-0.375671
+2.45792,-0.114483
+2.4583,-0.203604
+2.45868,-0.0967696
+2.45917,-0.0770347
+2.45955,+0.241958
+2.45992,+0.598138
+2.4603,+0.476842
+2.46067,+0.104691
+2.46117,+0.369208
+2.46156,-0.00277774
+2.46192,-0.449771
+2.4623,-0.619112
+2.46267,-0.907773
+2.46317,-1.00855
+2.46355,-1.14163
+2.46393,-1.15699
+2.4643,-0.932632
+2.46467,-0.5972
+2.46517,-0.86954
+2.46555,-0.592471
+2.46592,-0.615606
+2.4663,-0.489208
+2.46667,-0.306116
+2.46717,+0.0286913
+2.46755,+0.179161
+2.46792,+0.325403
+2.4683,+0.212448
+2.46867,+0.0172068
+2.46917,+0.29554
+2.46955,-0.0183007
+2.46992,+0.133754
+2.4703,+0.131604
+2.47067,-0.0534502
+2.4713,-0.161826
+2.47155,-0.549141
+2.47203,-0.82799
+2.4723,-0.901355
+2.47267,-0.841747
+2.47317,-0.866836
+2.47355,-0.529871
+2.47392,-0.260039
+2.4743,-0.383322
+2.4747,-0.25369
+2.47518,-0.583839
+2.47555,-0.390534
+2.47593,-0.17498
+2.4763,-0.556376
+2.4768,-0.88363
+2.47717,-0.980387
+2.47755,-1.14482
+2.47792,-1.28885
+2.4783,-1.42484
+2.47867,-1.31157
+2.47917,-1.20885
+2.47955,-1.31305
+2.47993,-1.62479
+2.4803,-1.21662
+2.48067,-0.782306
+2.48117,-0.731118
+2.48155,-0.822431
+2.48192,-0.961081
+2.4823,-0.836617
+2.48268,-0.850955
+2.48318,-1.03756
+2.48355,-0.860642
+2.48392,-0.679177
+2.4843,-0.787569
+2.48467,-0.817138
+2.48517,-0.956134
+2.48555,-1.01478
+2.48594,-0.863667
+2.4863,-0.825755
+2.48668,-0.894996
+2.4873,-0.685444
+2.48755,-0.90968
+2.48792,-0.928195
+2.4883,-0.881975
+2.48867,-0.904783
+2.48917,-0.726984
+2.48955,-0.405896
+2.48992,-0.377974
+2.49031,-0.306959
+2.49068,-0.287898
+2.49118,-0.182823
+2.49155,+0.230871
+2.49193,+0.180259
+2.49231,-0.0914355
+2.49268,-0.0633984
+2.49318,+0.0307426
+2.49355,-0.380491
+2.49392,-0.662652
+2.49431,-0.817262
+2.49468,-0.664212
+2.49518,-0.980472
+2.49555,-1.31052
+2.49592,-1.19718
+2.4963,-0.741593
+2.49667,-0.947559
+2.49718,-1.00879
+2.49755,-0.800113
+2.49793,-0.60744
+2.4983,-0.535671
+2.49867,-0.761326
+2.49917,-0.482607
+2.49955,-0.186775
+2.49992,-0.270874
+2.5003,-0.539442
+2.50068,-0.27839
+2.50117,-0.318542
+2.50155,-0.503587
+2.50193,-0.350136
+2.50231,-0.383314
+2.50268,-0.261454
+2.50317,-0.11755
+2.50357,-0.147807
+2.50393,-0.133199
+2.50431,-0.370216
+2.50467,-0.643496
+2.50518,-0.856808
+2.50555,-0.574226
+2.50593,-0.557029
+2.50631,-0.385968
+2.50668,-0.820164
+2.50718,-0.943908
+2.50755,-0.931244
+2.50793,-0.785528
+2.5083,-0.785233
+2.50868,-0.618326
+2.50918,-0.208849
+2.50955,-0.177672
+2.50993,-0.356997
+2.5103,-0.458079
+2.51068,-0.089174
+2.51118,-0.0874247
+2.51155,-0.382995
+2.51193,-0.508779
+2.5123,-0.0753069
+2.51268,-0.324807
+2.51318,-0.483596
+2.51355,-0.725713
+2.51393,-0.952712
+2.51431,-0.892801
+2.51468,-0.942277
+2.51518,-1.26342
+2.51555,-1.28139
+2.51593,-1.47593
+2.5163,-1.82417
+2.51667,-1.54558
+2.51718,-1.5967
+2.51768,-1.29032
+2.51793,-1.00288
+2.51831,-1.05339
+2.51868,-0.955165
+2.51918,-0.638932
+2.51955,-0.787058
+2.51993,-0.691532
+2.52031,-0.406075
+2.52067,-0.636369
+2.52118,-0.58205
+2.52155,-0.671838
+2.52193,-0.657225
+2.52231,-0.690606
+2.52268,-0.656472
+2.52319,-0.87722
+2.52355,-0.543666
+2.52393,-0.428841
+2.5243,-0.496422
+2.52468,-0.397642
+2.52518,-0.366955
+2.52555,-0.31055
+2.52593,-0.713241
+2.5263,-0.68557
+2.52668,-1.05347
+2.52718,-0.867331
+2.52755,-0.830809
+2.52793,-0.7887
+2.52831,-0.889265
+2.52868,-0.697371
+2.52918,-0.81265
+2.52955,-0.831713
+2.52993,-0.480012
+2.53032,-0.493075
+2.53069,-0.265619
+2.53119,-0.312607
+2.53156,-0.246782
+2.53193,-0.424615
+2.53231,-0.396596
+2.53268,-0.70018
+2.53318,-0.691687
+2.53355,-1.1329
+2.53393,-0.997537
+2.5343,-1.2499
+2.53468,-1.35201
+2.53561,-1.26248
+2.53579,-1.38003
+2.53602,-1.36928
+2.53631,-1.39251
+2.53668,-1.41397
+2.53718,-1.39043
+2.53756,-1.00589
+2.53793,-1.0058
+2.5383,-0.916682
+2.53868,-0.857323
+2.53918,-1.00868
+2.53955,-1.08262
+2.53993,-0.972336
+2.54031,-1.31482
+2.54068,-1.00616
+2.54118,-1.43564
+2.54155,-1.44832
+2.54193,-1.80796
+2.5423,-1.77511
+2.54269,-1.68663
+2.54318,-1.8352
+2.54355,-2.14674
+2.54393,-2.21586
+2.54431,-2.21329
+2.54469,-2.52811
+2.54518,-2.32417
+2.54555,-2.30655
+2.54593,-2.14876
+2.5463,-2.10576
+2.54668,-2.19319
+2.54718,-1.98222
+2.54755,-1.70378
+2.54793,-1.71542
+2.54832,-1.60323
+2.54868,-1.78702
+2.54918,-1.75599
+2.54956,-1.91294
+2.54993,-2.07373
+2.55031,-2.35689
+2.5507,-2.86159
+2.55118,-3.21094
+2.55156,-3.12346
+2.55193,-3.21678
+2.55231,-3.13413
+2.55268,-2.86298
+2.55318,-2.84267
+2.55356,-2.83768
+2.55393,-2.75361
+2.55431,-2.39949
+2.55468,-1.82114
+2.55518,-1.54825
+2.55556,-1.88264
+2.55593,-2.06869
+2.55631,-1.88573
+2.55668,-1.80723
+2.55718,-2.02887
+2.55764,-2.15384
+2.55794,-2.13313
+2.55831,-2.58647
+2.55868,-2.7091
+2.55918,-2.68476
+2.55955,-2.24429
+2.55993,-2.06125
+2.56031,-2.2049
+2.56068,-2.19242
+2.56118,-2.29376
+2.56156,-2.15411
+2.56193,-2.15322
+2.56231,-1.99589
+2.56269,-2.18295
+2.56318,-2.25157
+2.56356,-2.5462
+2.56393,-2.57293
+2.56431,-2.8914
+2.56468,-2.92868
+2.56518,-2.79974
+2.56556,-2.90803
+2.56593,-2.88811
+2.56631,-2.64762
+2.56703,-2.47732
+2.5673,-2.45814
+2.5676,-2.31904
+2.56797,-2.28485
+2.56834,-2.22341
+2.56872,-2.26088
+2.56924,-2.28152
+2.56959,-2.13379
+2.56998,-2.19923
+2.57035,-2.47626
+2.57072,-2.64172
+2.57123,-2.56112
+2.57159,-2.5915
+2.57194,-2.50662
+2.57234,-2.46001
+2.57273,-2.52502
+2.57324,-2.37927
+2.57359,-2.34776
+2.57397,-2.16565
+2.57448,-2.0415
+2.57475,-2.12827
+2.57523,-2.18218
+2.57561,-2.44648
+2.57598,-2.54015
+2.57634,-2.26089
+2.57674,-2.43318
+2.57723,-2.59467
+2.5776,-2.56718
+2.57797,-2.69268
+2.57836,-2.42402
+2.57873,-2.41058
+2.57922,-2.68613
+2.57957,-2.40646
+2.57995,-2.57189
+2.58032,-2.64036
+2.5807,-2.43795
+2.58123,-2.21666
+2.58159,-2.62774
+2.58197,-2.57633
+2.58235,-3.08358
+2.58272,-3.13302
+2.58323,-3.17556
+2.5836,-3.20197
+2.58396,-3.25146
+2.58435,-3.00006
+2.58473,-2.96604
+2.58525,-3.21815
+2.58559,-2.95434
+2.58598,-2.93344
+2.58635,-2.55098
+2.58672,-2.44984
+2.58724,-2.07184
+2.5876,-2.04384
+2.58798,-1.71815
+2.58834,-1.84778
+2.5887,-1.75445
+2.58921,-1.79406
+2.58958,-2.18098
+2.58995,-2.37359
+2.59035,-2.50087
+2.59073,-2.27307
+2.59123,-2.3588
+2.59158,-2.43367
+2.59197,-2.70857
+2.59235,-2.7458
+2.59273,-2.62147
+2.59323,-2.52001
+2.5936,-1.98537
+2.59397,-1.85086
+2.59434,-2.03964
+2.59473,-2.26221
+2.59509,-2.11014
+2.5956,-1.95022
+2.59597,-1.77696
+2.59634,-1.89713
+2.59673,-1.97242
+2.59723,-2.06918
+2.5976,-1.99272
+2.59798,-2.14476
+2.59849,-1.77621
+2.59873,-1.77711
+2.59923,-1.82433
+2.5996,-1.72346
+2.59996,-1.77926
+2.60033,-1.63605
+2.6007,-1.8909
+2.60121,-1.47812
+2.60159,-1.59533
+2.60197,-1.34964
+2.60235,-1.39432
+2.60273,-1.44043
+2.60324,-1.64951
+2.60358,-1.87962
+2.60397,-1.87063
+2.60435,-1.78597
+2.60473,-1.58232
+2.60524,-1.55324
+2.6056,-1.30373
+2.60597,-1.19856
+2.60635,-1.01942
+2.60673,-0.549101
+2.60722,-0.322419
+2.60759,-0.0871873
+2.60797,-0.118507
+2.60837,-0.424266
+2.60873,-0.258722
+2.60924,-0.195535
+2.6096,-0.330464
+2.60997,-0.571811
+2.61035,-0.712413
+2.61073,-0.979523
+2.6111,-0.956536
+2.61161,-1.10363
+2.61195,-0.737217
+2.61233,-0.425109
+2.6127,-0.489804
+2.61308,-0.576723
+2.6136,-0.64316
+2.61398,-0.363771
+2.61435,-0.283204
+2.61472,-0.0943569
+2.61509,-0.358759
+2.61559,-0.222596
+2.61597,-0.215854
+2.61636,-0.481971
+2.61672,-0.516598
+2.61709,-0.729686
+2.6176,-0.9267
+2.61797,-1.1189
+2.61834,-1.23585
+2.61873,-1.24488
+2.6191,-1.30239
+2.61961,-1.3631
+2.61998,-1.38608
+2.62035,-1.33398
+2.62073,-1.44803
+2.6211,-1.2902
+2.62161,-0.931811
+2.62198,-0.748998
+2.62234,-0.580311
+2.62271,-0.973608
+2.62308,-0.767914
+2.62359,-1.19838
+2.62395,-1.17364
+2.62435,-0.77584
+2.62473,-0.951355
+2.62506,-0.809786
+2.62558,-0.802748
+2.62594,-0.874528
+2.62631,-0.847473
+2.62669,-0.658656
+2.62706,-0.552029
+2.62756,-0.312459
+2.62794,-0.183008
+2.62831,-0.466627
+2.62881,-0.157235
+2.62919,-0.397784
+2.62956,-0.50476
+2.62993,-0.476327
+2.63031,-0.917181
+2.63069,-0.970651
+2.63106,-0.930066
+2.63156,-0.818805
+2.63193,-0.98749
+2.63232,-0.753105
+2.6327,-0.782682
+2.63306,-0.628382
+2.63356,-0.718285
+2.63394,-0.995595
+2.63431,-0.760332
+2.6347,-0.559307
+2.63506,-0.636942
+2.63556,-0.617276
+2.63594,-1.04072
+2.63631,-1.05903
+2.63669,-1.23848
+2.63706,-1.18801
+2.63801,-1.10204
+2.63827,-0.865977
+2.63856,-0.708345
+2.63879,-0.622018
+2.63919,-0.528183
+2.63956,-0.445329
+2.63993,-0.496108
+2.64031,-0.624515
+2.64069,-0.35865
+2.64106,-0.440591
+2.64157,-0.487594
+2.64193,-0.569142
+2.64231,-0.824292
+2.64269,-0.883737
+2.64306,-0.917812
+2.64356,-0.88916
+2.64394,-0.565512
+2.64431,-0.585848
+2.64468,-0.55064
+2.64506,-0.471559
+2.64569,-0.653364
+2.64597,-0.566903
+2.64631,-0.722173
+2.64669,-0.679612
+2.64706,-0.769436
+2.64756,-1.11258
+2.64794,-0.921716
+2.64831,-0.946526
+2.64869,-0.965918
+2.64906,-0.967885
+2.64958,-0.775823
+2.64994,-0.701508
+2.65031,-0.568706
+2.6507,-0.684225
+2.65106,-0.673835
+2.65156,-0.79897
+2.65193,-0.782197
+2.65231,-0.923725
+2.65268,-1.046
+2.65306,-1.19434
+2.65356,-1.19972
+2.65394,-1.34123
+2.65431,-1.50255
+2.6547,-1.56208
+2.65506,-1.53787
+2.65556,-1.12447
+2.65593,-1.14149
+2.65631,-0.980976
+2.65668,-0.926781
+2.65706,-1.1362
+2.65756,-1.36353
+2.65794,-1.39319
+2.65831,-1.11698
+2.6587,-1.06377
+2.6592,-1.12356
+2.65956,-1.35441
+2.65994,-1.5667
+2.66031,-1.59847
+2.66069,-2.09985
+2.66106,-1.76187
+2.66156,-1.55559
+2.66194,-1.7327
+2.66231,-1.903
+2.6627,-1.93358
+2.66306,-1.96507
+2.66356,-1.78398
+2.66394,-1.64056
+2.66431,-1.64285
+2.6647,-1.13627
+2.66506,-1.18178
+2.66556,-1.17629
+2.66594,-0.780227
+2.66633,-0.773522
+2.6667,-0.66481
+2.66706,-0.661028
+2.66756,-0.697764
+2.66793,-0.725139
+2.66831,-0.614658
+2.66869,-0.797815
+2.66906,-0.811065
+2.66969,-1.09152
+2.66997,-1.55408
+2.67031,-1.33388
+2.6707,-1.38024
+2.67106,-1.1819
+2.67156,-1.1546
+2.67194,-1.23444
+2.67231,-1.25455
+2.67269,-1.17279
+2.67306,-1.10358
+2.67356,-0.810053
+2.67394,-0.632577
+2.67431,-1.01575
+2.67469,-1.06093
+2.67506,-1.14322
+2.67556,-1.44748
+2.67594,-1.41958
+2.67631,-1.74765
+2.67669,-1.63033
+2.67708,-1.86039
+2.67756,-1.91355
+2.67794,-2.1688
+2.67831,-2.0237
+2.67869,-2.35875
+2.67906,-2.79797
+2.67958,-2.73747
+2.68007,-2.73595
+2.68033,-2.49966
+2.68069,-2.60044
+2.68106,-2.36398
+2.68157,-2.31694
+2.68194,-1.91444
+2.68231,-1.72763
+2.68269,-1.34391
+2.68306,-1.04899
+2.68356,-0.792286
+2.68394,-0.881949
+2.68431,-1.23781
+2.6847,-1.22772
+2.68506,-1.27009
+2.68556,-1.26802
+2.68594,-1.56962
+2.68631,-1.66192
+2.68669,-1.52636
+2.68706,-1.52126
+2.68757,-1.76216
+2.68794,-1.55651
+2.68832,-1.34722
+2.68869,-1.61663
+2.68906,-1.67181
+2.68956,-1.97515
+2.69006,-1.6526
+2.69031,-1.9345
+2.69071,-1.97663
+2.69106,-1.80148
+2.69157,-1.45967
+2.69194,-1.56146
+2.69231,-1.4611
+2.6927,-1.53128
+2.69306,-1.37561
+2.69356,-1.40709
+2.69394,-1.32729
+2.69431,-0.876564
+2.6947,-1.1659
+2.69506,-1.29235
+2.69556,-1.41402
+2.69594,-1.3718
+2.69631,-1.51253
+2.69669,-1.1727
+2.69706,-1.21994
+2.69756,-0.880304
+2.69794,-1.23899
+2.69831,-1.39375
+2.69869,-1.18476
+2.69906,-1.19343
+2.69956,-1.26098
+2.69996,-1.26543
+2.70032,-0.966835
+2.70069,-1.24836
+2.70106,-1.31843
+2.70157,-1.27386
+2.70194,-1.04981
+2.70231,-0.97771
+2.70269,-0.904697
+2.70306,-0.687031
+2.70356,-0.555592
+2.70394,-0.57867
+2.70431,-0.599876
+2.7047,-0.187108
+2.70506,-0.236626
+2.70557,-0.463268
+2.70594,-0.330817
+2.70632,-0.203242
+2.70669,-0.481275
+2.70706,-0.769081
+2.70757,-0.591102
+2.70797,-0.704993
+2.70833,-0.628545
+2.7087,-0.596115
+2.70906,-0.488292
+2.70956,-0.182836
+2.70995,-0.195734
+2.71032,-0.556604
+2.71069,-0.582256
+2.71106,-0.345093
+2.71157,-0.819911
+2.71194,-0.82949
+2.71231,-1.01741
+2.71269,-1.41838
+2.71306,-1.5879
+2.71357,-1.67518
+2.71394,-1.93739
+2.71432,-1.50571
+2.7147,-1.16777
+2.71506,-1.16498
+2.71557,-1.13878
+2.71594,-0.946707
+2.71632,-1.27365
+2.7167,-1.00995
+2.71706,-0.876632
+2.71757,-0.827899
+2.71794,-0.602369
+2.71832,-0.844339
+2.7187,-0.859695
+2.71906,-0.83937
+2.71956,-0.503224
+2.71994,-0.623772
+2.72044,-0.143286
+2.72069,-0.13493
+2.72106,-0.10948
+2.72157,-0.311036
+2.72194,-0.237052
+2.72232,-0.334414
+2.72273,-0.164117
+2.72307,-0.479361
+2.72357,-0.630349
+2.72394,-0.457752
+2.72432,-0.349987
+2.72469,-0.269166
+2.72507,-0.329352
+2.72557,-0.402092
+2.72594,-0.806722
+2.72632,-0.541251
+2.7267,-0.762938
+2.72707,-0.360329
+2.72765,-0.148189
+2.72794,-0.197586
+2.72832,-0.170371
+2.72869,-0.182805
+2.72907,-0.0599347
+2.72957,+0.289732
+2.72994,+0.595926
+2.73032,+0.786089
+2.7307,+0.872574
+2.73106,+0.810549
+2.73157,+0.764287
+2.73194,+0.830052
+2.73232,+0.382346
+2.73269,+0.0855718
+2.73306,+0.00280904
+2.73357,-0.0547157
+2.73394,-0.182264
+2.73432,-0.297339
+2.7347,-0.472
+2.7351,-0.507364
+2.73558,-0.527206
+2.73594,-0.699543
+2.73632,-0.444904
+2.7367,-0.167995
+2.73707,-0.118517
+2.73757,-0.386596
+2.73794,-0.181728
+2.73832,-0.303072
+2.7387,+0.0281261
+2.73907,+0.166574
+2.74041,+0.0960366
+2.74059,-0.0116742
+2.74085,+0.0593854
+2.74113,+0.0818943
+2.74157,-0.235132
+2.74194,+0.1687
+2.74232,+0.0242722
+2.7427,+0.00202844
+2.74307,-0.253288
+2.74356,-0.303507
+2.74394,-0.403786
+2.74432,-0.208715
+2.74469,-0.251401
+2.74506,-0.53831
+2.74557,-0.230815
+2.74594,-0.678439
+2.74632,-0.991789
+2.7467,-0.938954
+2.74706,-1.15847
+2.74757,-1.38478
+2.74794,-1.30697
+2.74832,-1.28246
+2.7487,-1.53482
+2.74906,-1.46751
+2.74957,-1.83495
+2.74998,-1.55552
+2.75032,-1.44469
+2.7507,-1.45395
+2.75107,-1.50554
+2.75157,-1.43641
+2.75194,-1.76497
+2.75232,-1.82679
+2.75269,-1.66949
+2.75308,-1.48166
+2.75357,-1.61864
+2.75394,-2.13369
+2.75432,-2.26284
+2.7547,-2.24787
+2.75507,-1.97406
+2.75558,-2.02142
+2.75595,-1.7661
+2.75632,-2.07447
+2.7567,-2.22625
+2.75707,-2.60351
+2.75757,-2.23954
+2.75794,-1.79874
+2.75832,-1.46913
+2.7587,-1.55461
+2.75907,-1.62591
+2.75945,-2.03345
+2.75995,-2.06269
+2.76032,-2.18295
+2.76069,-2.02601
+2.76106,-1.86903
+2.76157,-1.76227
+2.76194,-2.11847
+2.76235,-2.23622
+2.76271,-2.38485
+2.76307,-2.69054
+2.76357,-2.24059
+2.76394,-2.26534
+2.76432,-1.92814
+2.7647,-2.10681
+2.76507,-1.9138
+2.76559,-2.08151
+2.76595,-2.09382
+2.76632,-2.10401
+2.7667,-2.06608
+2.76707,-1.72566
+2.76757,-1.75179
+2.76795,-2.11043
+2.76832,-2.43162
+2.7687,-2.52569
+2.76907,-2.5283
+2.76957,-2.81116
+2.76994,-2.42296
+2.77032,-2.3337
+2.77083,-2.27212
+2.77107,-2.36486
+2.77157,-2.43037
+2.77195,-2.07538
+2.77232,-1.85019
+2.7727,-1.88468
+2.77307,-2.04624
+2.77357,-1.92295
+2.77395,-2.1539
+2.77432,-2.29695
+2.7747,-2.3392
+2.77507,-2.44842
+2.77545,-2.51238
+2.77595,-2.53079
+2.77632,-2.66103
+2.7767,-2.52207
+2.77707,-2.60349
+2.77757,-2.50888
+2.77794,-2.4518
+2.77832,-2.38531
+2.7787,-2.45974
+2.77907,-2.1617
+2.77959,-2.4929
+2.77995,-2.72798
+2.78032,-2.57301
+2.78071,-2.53006
+2.78107,-2.2402
+2.78157,-2.34642
+2.78196,-2.29611
+2.78232,-2.2906
+2.7827,-2.31038
+2.78307,-2.46221
+2.78346,-2.2236
+2.78395,-2.00961
+2.78432,-1.91965
+2.7847,-1.982
+2.78507,-2.20234
+2.78557,-2.25878
+2.78595,-2.2915
+2.78632,-2.58353
+2.7867,-2.53186
+2.78707,-2.52218
+2.78757,-2.67833
+2.78795,-2.60646
+2.78832,-2.59549
+2.7887,-2.54811
+2.78907,-2.80057
+2.78957,-2.52031
+2.78995,-2.46671
+2.79032,-2.10372
+2.7907,-1.99279
+2.79107,-2.10986
+2.79157,-1.93108
+2.79195,-1.91296
+2.79232,-2.0638
+2.7927,-1.93534
+2.79308,-1.57191
+2.79357,-1.55695
+2.79395,-1.5532
+2.79432,-1.54899
+2.7947,-1.65813
+2.79507,-1.65822
+2.79557,-1.49796
+2.79595,-1.74063
+2.79632,-1.83474
+2.7967,-1.80143
+2.79707,-2.11757
+2.79757,-2.20162
+2.79795,-2.27301
+2.79832,-2.16347
+2.79877,-2.37291
+2.7991,-2.26608
+2.79949,-2.38109
+2.79995,-1.92371
+2.80032,-1.87074
+2.8007,-2.18888
+2.8012,-2.38811
+2.80157,-2.29538
+2.80195,-2.26572
+2.80232,-2.36797
+2.8027,-2.04902
+2.80307,-2.1147
+2.80357,-2.33762
+2.80395,-2.56163
+2.80432,-2.41267
+2.8047,-2.17889
+2.80507,-1.84847
+2.80557,-1.85079
+2.80595,-1.89896
+2.80632,-2.14844
+2.8067,-2.2428
+2.80707,-2.37033
+2.80746,-2.17997
+2.80795,-2.05356
+2.80832,-2.05995
+2.8087,-2.04507
+2.80907,-1.86318
+2.80957,-2.18574
+2.80995,-2.40913
+2.81032,-2.27222
+2.81072,-2.51312
+2.81108,-2.58387
+2.81158,-2.72964
+2.81195,-2.76348
+2.81232,-2.88451
+2.8127,-2.90658
+2.81307,-3.20728
+2.81357,-3.18915
+2.81395,-3.12791
+2.81432,-3.06514
+2.8147,-3.05457
+2.81507,-2.73669
+2.81546,-2.31398
+2.81596,-2.39902
+2.81632,-2.26436
+2.8167,-2.20367
+2.81707,-2.01551
+2.81757,-2.02275
+2.81795,-1.97151
+2.81832,-1.88952
+2.8187,-1.90818
+2.81908,-1.92046
+2.81957,-2.08352
+2.81995,-2.02744
+2.82032,-2.01345
+2.8207,-2.37797
+2.82108,-2.57418
+2.82158,-2.51643
+2.82195,-2.39544
+2.82233,-2.40652
+2.8227,-2.48392
+2.82307,-2.42935
+2.82346,-2.38216
+2.82395,-2.33429
+2.82432,-2.25035
+2.8247,-1.74121
+2.82507,-1.72266
+2.82557,-1.36792
+2.82595,-1.42013
+2.82632,-1.68821
+2.8267,-1.57126
+2.82707,-1.55614
+2.82757,-1.58455
+2.82795,-1.66962
+2.82832,-1.69073
+2.8287,-1.87633
+2.82908,-1.9019
+2.82958,-1.93766
+2.83001,-1.832
+2.83033,-1.62723
+2.83071,-1.44885
+2.83108,-1.54898
+2.83157,-1.47917
+2.83195,-1.61779
+2.83233,-1.70108
+2.8327,-1.77041
+2.83307,-1.3101
+2.83358,-1.35709
+2.83395,-1.19595
+2.83433,-1.4198
+2.8347,-1.47637
+2.83507,-1.79383
+2.83558,-1.76954
+2.83595,-1.62915
+2.83633,-1.62716
+2.8367,-1.5663
+2.83708,-1.6304
+2.83758,-1.54892
+2.83795,-1.5873
+2.83833,-1.17452
+2.83871,-1.19808
+2.83909,-1.11579
+2.83946,-1.23251
+2.83995,-1.68241
+2.84033,-1.97309
+2.8407,-1.90427
+2.84108,-1.99763
+2.84186,-2.13654
+2.84281,-2.19502
+2.84307,-2.25682
+2.84325,-2.51688
+2.84358,-2.57027
+2.84395,-2.7899
+2.84433,-2.71652
+2.8447,-2.5168
+2.84508,-2.88004
+2.84558,-2.93971
+2.84595,-3.09006
+2.84633,-3.32446
+2.8467,-3.39641
+2.84708,-3.25819
+2.84746,-3.12523
+2.84795,-2.94099
+2.84833,-3.04059
+2.8487,-3.13512
+2.84908,-2.79791
+2.84958,-2.84327
+2.84995,-3.00084
+2.85033,-3.31066
+2.85071,-3.30864
+2.85108,-3.62941
+2.85158,-3.87197
+2.85195,-3.76394
+2.85233,-3.40658
+2.8527,-3.49574
+2.85307,-3.91553
+2.85358,-3.88767
+2.85396,-3.60656
+2.85433,-2.9711
+2.85471,-3.25131
+2.85509,-3.29077
+2.85547,-2.79895
+2.85596,-2.94181
+2.85633,-3.00445
+2.8567,-2.57994
+2.85708,-2.53521
+2.85758,-2.53539
+2.85795,-2.42349
+2.85833,-2.5797
+2.85871,-2.48089
+2.85908,-2.19197
+2.85958,-2.38513
+2.85995,-2.43351
+2.86033,-2.28626
+2.8607,-2.81775
+2.86108,-2.483
+2.86158,-2.45378
+2.86195,-2.75253
+2.86233,-2.96727
+2.86273,-2.92434
+2.86308,-3.17057
+2.86346,-3.1376
+2.86395,-3.12429
+2.86433,-3.33135
+2.8647,-3.04196
+2.86509,-3.2211
+2.86545,-3.28463
+2.86595,-3.47662
+2.86633,-3.29351
+2.86671,-3.08537
+2.86708,-2.75883
+2.86745,-2.66552
+2.86795,-3.03553
+2.86833,-3.40548
+2.8687,-3.4518
+2.86908,-3.38692
+2.86945,-3.21479
+2.86995,-2.89779
+2.87033,-2.8609
+2.87072,-3.11069
+2.8711,-3.15642
+2.87158,-3.47636
+2.87195,-3.18924
+2.87233,-3.00048
+2.87271,-2.93501
+2.87308,-2.86248
+2.87345,-3.45116
+2.87396,-3.55125
+2.87433,-3.48368
+2.87471,-3.78272
+2.87508,-4.16865
+2.87545,-4.4962
+2.87595,-4.42517
+2.87633,-4.38097
+2.87695,-4.43802
+2.87715,-4.81435
+2.87745,-4.60701
+2.87795,-4.62186
+2.87833,-4.93305
+2.87871,-4.9498
+2.87908,-4.67735
+2.87946,-4.16768
+2.87995,-4.21567
+2.88033,-4.36537
+2.8807,-4.73746
+2.88108,-4.77016
+2.88168,-4.99743
+2.88196,-4.86588
+2.88233,-4.60759
+2.88271,-4.70328
+2.88308,-4.69276
+2.88358,-4.99017
+2.88395,-4.97796
+2.88435,-4.69873
+2.88471,-4.3558
+2.88508,-4.25959
+2.88545,-3.86293
+2.88595,-3.88492
+2.88633,-3.98028
+2.88671,-3.93852
+2.88708,-3.8583
+2.88745,-3.59527
+2.88795,-3.81034
+2.88833,-3.93007
+2.88871,-4.06646
+2.88908,-3.87203
+2.88945,-4.04474
+2.88996,-4.45996
+2.89033,-4.52371
+2.89071,-4.27109
+2.89108,-4.68678
+2.89158,-4.74828
+2.89195,-4.57902
+2.89233,-4.73567
+2.8927,-4.62307
+2.89308,-4.65984
+2.89345,-4.87624
+2.89395,-4.52974
+2.89433,-4.43302
+2.89471,-4.2012
+2.89509,-3.91812
+2.89547,-4.09559
+2.89596,-4.24613
+2.89633,-4.1621
+2.8967,-4.4652
+2.89708,-4.71831
+2.89745,-4.44574
+2.89795,-4.74413
+2.89833,-4.92745
+2.89871,-5.12993
+2.89908,-5.30714
+2.89945,-5.02031
+2.89995,-5.1416
+2.90033,-5.20629
+2.90071,-4.95549
+2.90108,-4.6686
+2.90158,-4.9622
+2.90195,-4.9121
+2.90233,-4.7207
+2.90271,-4.75112
+2.90309,-4.80296
+2.90346,-5.17285
+2.90396,-5.18539
+2.90433,-5.04517
+2.90472,-5.01034
+2.90508,-4.96098
+2.90545,-4.55901
+2.90596,-4.16343
+2.90633,-4.11223
+2.90671,-4.30688
+2.90708,-3.84497
+2.90745,-3.53517
+2.90796,-3.24479
+2.90833,-3.44347
+2.90871,-3.33276
+2.90908,-3.28827
+2.90945,-3.44893
+2.90996,-3.90718
+2.91033,-3.8975
+2.91071,-3.87696
+2.91109,-4.05129
+2.91146,-4.32135
+2.91196,-4.3242
+2.91233,-3.92949
+2.91271,-4.07387
+2.9131,-4.361
+2.91345,-4.60829
+2.91396,-4.40234
+2.91433,-4.36424
+2.91471,-4.11934
+2.91508,-4.07005
+2.91545,-3.54231
+2.91596,-3.45671
+2.91633,-3.31947
+2.91671,-3.50939
+2.91708,-3.49748
+2.91745,-3.0753
+2.91796,-3.28005
+2.91833,-3.57579
+2.91871,-3.44509
+2.91908,-3.74969
+2.91946,-3.92229
+2.91996,-3.86853
+2.92033,-3.89643
+2.92071,-3.63186
+2.92109,-3.67113
+2.92158,-3.68819
+2.92198,-3.19995
+2.92234,-3.25036
+2.92284,-3.19639
+2.92313,-3.0671
+2.92345,-3.01886
+2.92396,-3.31567
+2.92433,-3.6789
+2.92471,-3.48741
+2.92509,-3.24788
+2.92545,-3.07605
+2.92596,-3.36915
+2.92633,-2.97759
+2.92671,-2.91778
+2.92709,-2.84571
+2.92746,-3.08173
+2.92796,-2.9137
+2.92833,-2.41874
+2.92871,-2.49434
+2.92908,-2.34447
+2.92946,-2.52533
+2.92996,-2.5809
+2.93033,-2.66007
+2.93071,-2.76604
+2.93109,-2.56985
+2.93158,-2.44799
+2.93196,-2.23657
+2.9324,-2.61198
+2.93271,-2.52748
+2.93309,-2.53711
+2.93346,-2.71648
+2.93396,-2.2185
+2.93433,-2.04519
+2.93471,-1.92541
+2.93508,-1.88508
+2.93546,-1.53687
+2.93596,-1.38627
+2.93634,-1.1718
+2.93671,-1.23559
+2.93709,-1.60317
+2.93746,-1.21883
+2.93796,-1.25622
+2.93833,-1.67572
+2.93871,-2.06214
+2.93909,-1.88665
+2.93946,-1.97866
+2.93997,-1.98959
+2.94033,-1.7774
+2.94071,-1.75022
+2.94109,-1.38331
+2.94158,-1.52861
+2.94196,-1.46961
+2.94233,-1.37247
+2.94271,-1.0404
+2.94308,-1.58667
+2.94346,-1.51676
+2.94396,-1.52796
+2.94433,-1.60309
+2.94521,-1.50889
+2.94547,-1.39747
+2.94567,-1.06411
+2.94596,-1.21858
+2.94633,-1.05013
+2.94671,-0.79305
+2.94709,-0.259123
+2.94745,-0.470875
+2.94796,-0.380206
+2.94833,-0.405436
+2.94871,-0.313847
+2.94908,-0.401694
+2.94945,-0.57771
+2.94996,-0.31152
+2.95033,-0.243957
+2.95071,-0.490435
+2.95108,-0.548016
+2.95146,-0.0489071
+2.95196,-0.554244
+2.95233,-0.686684
+2.95271,-0.816331
+2.95321,-0.765324
+2.95345,-0.630228
+2.95396,-0.656905
+2.95433,-0.418335
+2.95471,-0.199076
+2.95509,-0.471079
+2.95545,-0.865791
+2.95596,-0.427466
+2.95633,-0.167353
+2.95673,-0.258321
+2.95708,-0.127154
+2.95746,-0.0432156
+2.95797,-0.323732
+2.95833,-0.365288
+2.95871,-0.436756
+2.95908,-0.159814
+2.95946,+0.0847509
+2.95999,+0.00137616
+2.96035,-0.262175
+2.96071,+0.0421921
+2.96108,+0.167454
+2.96145,-0.307133
+2.96195,-0.189079
+2.96259,-0.249298
+2.96285,-0.150722
+2.96358,+0.00738025
+2.96376,-0.172605
+2.96409,+0.0014682
+2.96446,+0.282299
+2.96471,-0.0951268
+2.96508,-0.603567
+2.96546,-0.303507
+2.96596,-0.153648
+2.96633,-0.259809
+2.96671,-0.457549
+2.96709,-0.603709
+2.96748,-0.515525
+2.96796,-0.820891
+2.96833,-0.87368
+2.96871,-0.613061
+2.96909,-0.197223
+2.96946,-0.384549
+2.96996,-0.718346
+2.97033,-0.681265
+2.97072,-0.652478
+2.97109,-0.624199
+2.97158,-0.63499
+2.97196,-0.349829
+2.97233,-0.29322
+2.97271,-0.478577
+2.97309,-0.797073
+2.97359,-0.507629
+2.97396,-0.615786
+2.97433,-0.55863
+2.97471,-0.623438
+2.97509,-0.881811
+2.97546,-0.827139
+2.97596,-1.14892
+2.97634,-1.23987
+2.97671,-0.99598
+2.97708,-1.08934
+2.97746,-1.38962
+2.97796,-0.960517
+2.97834,-0.839973
+2.97871,-0.626324
+2.97909,-0.300035
+2.97946,-0.64097
+2.97996,-0.419448
+2.98034,-0.395721
+2.98071,-0.44622
+2.98109,-0.0149187
+2.98146,+0.266439
+2.98196,+0.317582
+2.98234,+0.195779
+2.98271,+0.178203
+2.98309,+0.181507
+2.98349,+0.365525
+2.98399,+0.432921
+2.98435,+0.112734
+2.98471,+0.0206562
+2.98509,-0.103037
+2.98546,-0.169999
+2.98596,-0.441743
+2.98634,-0.410671
+2.98673,-0.464092
+2.98709,-0.497639
+2.98746,-0.449693
+2.98796,-0.604567
+2.98834,-0.399616
+2.98871,-0.511569
+2.98909,-0.506648
+2.98946,-0.77877
+2.98996,-0.599952
+2.99034,-0.654373
+2.99072,-0.779674
+2.99109,-0.758406
+2.99146,-0.764309
+2.99196,-0.917043
+2.99233,-0.502842
+2.99271,-0.211162
+2.99309,-0.204576
+2.99346,+0.300231
+2.99396,+0.420341
+2.99434,+0.337466
+2.99471,+0.625867
+2.99509,+0.665898
+2.99546,+0.843599
+2.99596,+1.029
+2.99634,+0.842843
+2.99671,+0.865582
+2.99709,+0.957618
+2.99746,+0.830177
+2.99798,+0.897015
+2.99834,+1.01983
+2.99872,+0.651051
+2.99909,+0.628857
+2.99947,+0.711386
+2.99996,+0.764714
+3.00034,+0.346024
+3.00071,+0.295212
+3.00109,-0.113848
+3.00146,-0.463243
+3.00196,-0.525025
+3.00234,-0.762191
+3.00272,-0.952155
+3.00309,-1.00472
+3.00346,-1.03908
+3.00523,-0.974959
+3.00541,-0.681447
+3.00567,-0.819243
+3.00597,-0.457796
+3.00634,-0.0861054
+3.00672,-0.0898054
+3.00711,+0.141665
+3.00772,+0.58442
+3.00797,+0.193166
+3.00834,-0.414391
+3.00871,-0.581509
+3.00909,-0.480297
+3.00946,-0.388002
+3.00996,-0.337359
+3.01034,-0.382055
+3.01071,-0.484573
+3.01109,-0.422054
+3.01146,-0.68019
+3.01196,-0.327181
+3.01234,-0.17825
+3.01271,-0.052441
+3.01308,+0.0263113
+3.01346,+0.148913
+3.01396,+0.214558
+3.01434,+0.230691
+3.01472,+0.165346
+3.01508,+0.0246038
+3.01546,+0.38869
+3.01596,+0.781139
+3.01634,+1.24055
+3.01671,+1.41788
+3.01709,+1.2469
+3.01747,+1.15488
+3.01783,+1.03794
+3.01834,+1.00689
+3.01872,+1.13675
+3.01911,+1.32389
+3.01947,+1.36547
+3.01983,+1.55104
+3.02034,+1.08184
+3.02071,+0.908874
+3.02109,+1.04362
+3.02161,+1.16707
+3.02198,+0.978218
+3.02234,+0.851042
+3.02272,+1.00678
+3.02309,+0.582207
+3.02347,+0.594884
+3.02396,+0.552843
+3.02434,+0.957563
+3.02471,+1.08096
+3.0251,+1.0242
+3.02546,+0.989376
+3.02597,+1.34133
+3.02634,+1.61078
+3.02675,+1.59867
+3.02709,+1.98228
+3.02747,+1.91352
+3.02796,+1.84786
+3.02834,+1.51081
+3.02872,+1.34424
+3.02909,+1.08942
+3.02947,+1.07748
+3.02997,+1.00685
+3.03034,+0.998666
+3.03072,+0.921999
+3.03109,+0.565441
+3.03147,+0.610396
+3.03197,+0.533362
+3.03234,+0.985789
+3.03271,+1.09014
+3.03309,+1.39461
+3.03347,+1.06824
+3.03396,+1.1166
+3.03434,+0.968001
+3.03482,+0.346753
+3.03509,+0.676884
+3.03559,+0.229708
+3.03596,-0.0270318
+3.03634,-0.222223
+3.03672,-0.315873
+3.03709,-0.276771
+3.03747,+0.000691971
+3.03796,-0.0766753
+3.03834,-0.344439
+3.03872,+0.196301
+3.03909,-0.276776
+3.03947,+0.0493234
+3.03996,+0.326439
+3.04034,+0.4632
+3.04071,+0.57168
+3.04109,+0.183451
+3.04146,-0.221918
+3.04196,-0.284377
+3.04235,+0.131782
+3.04272,+0.180833
+3.04309,+0.664964
+3.04347,+0.778454
+3.04397,+0.764115
+3.04434,+0.661808
+3.04471,+0.234511
+3.04509,+0.608882
+3.04547,+0.896892
+3.04597,+0.799392
+3.04634,+0.227096
+3.04672,+0.0162485
+3.04761,+0.00307684
+3.0478,-0.245814
+3.048,-0.299739
+3.04834,-0.659514
+3.04871,-0.74801
+3.04909,-1.13887
+3.04947,-1.54453
+3.04996,-1.61985
+3.05034,-1.60271
+3.05072,-1.54276
+3.05109,-1.58247
+3.05146,-1.49934
+3.05196,-1.86212
+3.05234,-1.6219
+3.05271,-1.15378
+3.05309,-1.0264
+3.05347,-0.53202
+3.05396,-0.454309
+3.05434,-0.131122
+3.05472,-0.198197
+3.05509,-0.230673
+3.05547,-0.205627
+3.05597,-0.139516
+3.05634,-0.481686
+3.05672,-1.04251
+3.05709,-0.942487
+3.05746,-1.24215
+3.05796,-1.24518
+3.05834,-1.18269
+3.05873,-1.19854
+3.0591,-1.36737
+3.05947,-1.95372
+3.05996,-2.09998
+3.06035,-2.26178
+3.06072,-1.92025
+3.06109,-2.11272
+3.06146,-2.06642
+3.06197,-2.14981
+3.06234,-2.31762
+3.06272,-2.73784
+3.06309,-2.77109
+3.06347,-2.43866
+3.06396,-2.04541
+3.06434,-1.93238
+3.06471,-2.43137
+3.06509,-2.40249
+3.06547,-2.75372
+3.06597,-2.78639
+3.06634,-2.84182
+3.06672,-2.51099
+3.06709,-2.52917
+3.06747,-2.50422
+3.06796,-2.6044
+3.06834,-2.76497
+3.06872,-2.70703
+3.0691,-3.18065
+3.06947,-2.86749
+3.06997,-2.92151
+3.07034,-3.06977
+3.07072,-3.25393
+3.07109,-3.26287
+3.07147,-3.35418
+3.07197,-3.37275
+3.07234,-3.37942
+3.07271,-3.04425
+3.07309,-2.93486
+3.07347,-2.87728
+3.07384,-2.78677
+3.07434,-2.52962
+3.07472,-2.40249
+3.07509,-2.41921
+3.07547,-2.38399
+3.07586,-2.34537
+3.07647,-1.8352
+3.07672,-1.84329
+3.07709,-1.59658
+3.07747,-1.67981
+3.07797,-1.9135
+3.07834,-2.01917
+3.07872,-2.44079
+3.07909,-2.86187
+3.07947,-3.21511
+3.07984,-3.29161
+3.08034,-3.86641
+3.08072,-3.7712
+3.08109,-3.87648
+3.08146,-4.27477
+3.08197,-4.57899
+3.08234,-5.04624
+3.08272,-4.46498
+3.08309,-4.0486
+3.08347,-3.62846
+3.08384,-3.59343
+3.08434,-3.29922
+3.08472,-3.40649
+3.08509,-3.60137
+3.08547,-3.35666
+3.08597,-3.05992
+3.08634,-2.61469
+3.08674,-3.24081
+3.08709,-3.66668
+3.08748,-3.67959
+3.08797,-3.63638
+3.08834,-3.85851
+3.08872,-4.15787
+3.08911,-4.17352
+3.08947,-4.15192
+3.08997,-4.2683
+3.09034,-4.30188
+3.09072,-3.79728
+3.09109,-3.39799
+3.09146,-3.52771
+3.09197,-4.01597
+3.09234,-3.47205
+3.09272,-3.26817
+3.09309,-2.8679
+3.09346,-2.75644
+3.09384,-2.68074
+3.09434,-3.096
+3.09472,-3.10353
+3.09509,-3.31058
+3.09547,-3.33564
+3.09584,-3.31181
+3.09634,-3.91528
+3.09672,-4.09549
+3.09709,-4.05384
+3.09747,-3.93748
+3.09784,-4.13909
+3.09834,-3.67838
+3.09921,-3.98931
+3.0995,-3.6868
+3.09978,-3.91235
+3.10006,-3.68036
+3.10035,-3.27781
+3.10073,-3.02502
+3.1011,-3.34741
+3.10147,-3.88705
+3.10184,-3.63985
+3.10234,-3.63904
+3.10272,-3.6422
+3.10309,-3.65558
+3.10347,-3.34121
+3.10384,-3.10022
+3.10434,-2.95783
+3.10472,-2.89463
+3.10509,-3.10662
+3.10547,-2.76057
+3.10584,-2.55898
+3.10634,-2.94604
+3.10685,-2.71615
+3.10711,-2.79586
+3.10747,-2.87264
+3.10784,-3.36426
+3.10834,-3.42884
+3.10872,-3.78007
+3.1091,-3.57268
+3.10948,-3.52996
+3.10984,-3.95082
+3.11034,-3.59702
+3.11072,-3.50004
+3.11109,-3.80279
+3.11147,-4.01666
+3.11184,-4.01026
+3.11234,-4.11571
+3.11272,-4.15884
+3.11309,-3.98474
+3.11347,-4.15538
+3.11384,-3.85169
+3.11434,-3.87156
+3.11472,-3.79215
+3.11509,-3.44997
+3.11547,-3.56238
+3.11584,-3.14157
+3.11634,-3.03159
+3.11672,-2.56927
+3.11709,-2.33141
+3.11747,-2.58221
+3.11786,-2.44118
+3.11835,-2.34875
+3.11872,-2.90224
+3.11909,-2.91585
+3.11947,-2.37466
+3.11984,-2.59084
+3.12034,-2.93516
+3.12072,-2.95889
+3.12109,-3.05929
+3.12147,-2.59102
+3.12184,-2.52536
+3.12234,-2.79736
+3.12272,-2.31635
+3.12309,-2.26733
+3.12347,-2.64192
+3.12384,-2.37933
+3.12434,-2.33901
+3.12472,-2.35351
+3.12509,-2.24079
+3.12547,-2.54995
+3.12584,-2.81993
+3.12634,-2.51644
+3.12673,-2.52501
+3.12709,-2.9594
+3.12747,-2.64034
+3.12784,-2.55502
+3.12834,-2.56341
+3.12872,-2.84781
+3.1291,-3.03577
+3.12947,-2.73336
+3.12984,-2.5523
+3.13034,-2.69331
+3.13072,-2.83867
+3.13109,-2.55038
+3.13147,-2.94815
+3.13184,-3.08371
+3.13234,-2.70157
+3.13272,-2.39768
+3.13309,-2.71261
+3.13347,-3.13936
+3.13384,-2.95142
+3.13434,-2.86289
+3.13472,-2.51747
+3.13509,-2.70525
+3.13548,-2.51973
+3.13584,-2.36777
+3.13635,-2.86366
+3.13672,-2.8776
+3.13719,-2.39248
+3.13748,-1.97822
+3.13784,-2.10934
+3.13835,-2.4553
+3.13872,-2.71581
+3.1391,-2.25491
+3.13948,-2.06779
+3.13984,-2.1392
+3.14035,-1.70394
+3.14072,-1.7078
+3.14109,-2.1149
+3.14148,-2.4422
+3.14184,-2.51527
+3.14234,-2.05103
+3.14272,-2.36553
+3.1431,-2.52139
+3.14348,-2.85918
+3.14384,-3.24522
+3.14435,-3.21012
+3.14474,-3.23531
+3.1451,-2.87829
+3.14547,-2.4709
+3.14584,-2.8968
+3.14635,-2.96623
+3.14673,-2.74017
+3.1471,-3.08331
+3.14747,-2.78071
+3.14784,-2.99936
+3.14835,-3.10121
+3.14872,-3.01933
+3.1491,-3.41348
+3.15001,-3.3222
+3.15019,-2.76782
+3.1504,-3.20072
+3.15072,-3.04723
+3.15109,-2.69912
+3.15148,-2.5661
+3.15184,-2.29444
+3.15234,-2.62097
+3.15272,-3.06218
+3.15309,-2.73943
+3.15347,-2.69854
+3.15384,-3.10876
+3.15435,-3.09747
+3.15472,-3.09747
+3.15509,-3.51477
+3.15547,-3.95065
+3.15584,-3.84514
+3.15634,-3.92988
+3.15672,-3.57367
+3.15722,-3.57913
+3.15749,-3.58611
+3.15784,-3.32285
+3.15834,-3.09406
+3.15872,-2.99812
+3.15909,-2.61716
+3.15948,-2.25282
+3.15984,-2.03399
+3.16034,-1.64024
+3.16072,-2.03343
+3.16109,-1.96347
+3.16152,-2.29265
+3.16185,-2.4272
+3.16234,-2.27928
+3.16274,-2.62117
+3.1631,-2.91746
+3.16347,-3.35919
+3.16384,-3.55223
+3.16434,-3.56779
+3.16472,-3.12916
+3.16511,-3.74759
+3.16547,-3.70411
+3.16584,-3.61122
+3.16635,-3.70854
+3.16672,-3.95822
+3.16709,-4.03156
+3.16747,-3.75175
+3.16784,-4.02699
+3.16834,-3.86479
+3.16872,-4.05377
+3.16909,-3.61718
+3.16947,-3.64616
+3.16984,-3.53158
+3.17035,-3.50085
+3.17072,-2.99735
+3.17109,-2.77649
+3.17148,-2.8237
+3.17185,-3.01317
+3.17236,-3.24583
+3.17272,-3.22408
+3.1731,-3.56699
+3.17347,-3.49479
+3.17384,-3.74301
+3.17435,-4.27279
+3.17472,-4.21206
+3.17509,-4.32003
+3.17548,-4.19726
+3.17584,-4.12026
+3.17635,-4.21788
+3.17672,-4.24454
+3.1771,-3.89073
+3.17747,-3.89432
+3.17784,-4.06769
+3.17834,-3.72102
+3.17872,-3.93141
+3.17909,-4.11369
+3.1796,-4.21044
+3.17984,-3.80447
+3.18035,-3.83834
+3.18072,-3.91881
+3.1811,-3.98475
+3.1816,-4.36139
+3.18197,-4.41312
+3.18235,-4.30116
+3.18272,-4.4626
+3.18309,-4.12922
+3.18347,-4.12857
+3.18384,-4.15151
+3.18435,-4.11803
+3.18472,-4.10831
+3.1851,-4.10757
+3.18547,-3.73834
+3.18585,-3.57335
+3.18634,-3.91154
+3.18672,-3.79786
+3.18709,-4.25688
+3.1876,-4.20263
+3.18785,-4.24177
+3.18835,-4.66234
+3.18883,-4.46511
+3.1891,-4.71296
+3.18947,-4.82773
+3.18984,-4.78072
+3.19035,-4.80191
+3.19072,-5.08349
+3.1911,-5.00348
+3.19161,-5.44203
+3.19197,-5.82079
+3.19235,-5.29929
+3.19272,-5.81565
+3.1931,-5.6238
+3.19347,-5.48031
+3.19385,-5.79494
+3.19435,-5.41462
+3.19473,-5.16242
+3.1951,-4.7799
+3.19547,-4.3541
+3.19585,-3.9582
+3.19635,-3.73009
+3.19672,-3.68987
+3.1971,-3.55051
+3.19749,-3.65425
+3.19784,-3.29849
+3.19835,-3.76228
+3.19873,-3.99475
+3.1991,-3.96904
+3.19948,-4.40857
+3.19984,-4.68599
+3.20035,-4.83898
+3.20072,-4.44957
+3.2011,-4.42118
+3.20148,-4.80538
+3.20184,-4.85161
+3.20235,-4.34027
+3.20274,-3.9813
+3.2031,-4.05214
+3.20348,-3.60248
+3.20397,-3.67061
+3.20435,-3.69145
+3.20472,-3.80058
+3.2051,-3.84065
+3.20547,-3.36379
+3.20585,-3.6366
+3.20635,-3.5875
+3.20673,-3.9433
+3.2071,-3.83996
+3.20748,-3.81139
+3.20785,-3.33885
+3.20835,-3.69096
+3.20872,-3.4734
+3.2091,-3.44966
+3.20947,-3.57899
+3.20985,-3.55019
+3.21035,-3.99639
+3.21073,-4.02201
+3.2111,-4.07159
+3.21148,-4.55929
+3.21185,-4.83237
+3.21235,-4.50261
+3.21272,-4.45064
+3.2131,-4.43118
+3.21347,-4.673
+3.21385,-4.30637
+3.21435,-3.76044
+3.21473,-3.66053
+3.2151,-3.54211
+3.21548,-3.13651
+3.21585,-3.01243
+3.21635,-2.78019
+3.21672,-2.94577
+3.2171,-2.87706
+3.21747,-2.80553
+3.21798,-2.96502
+3.21835,-3.4575
+3.21873,-3.00754
+3.2191,-2.97645
+3.21948,-2.72327
+3.21985,-2.70042
+3.22037,-2.81003
+3.22073,-2.96299
+3.2211,-2.95123
+3.22148,-2.96154
+3.22185,-2.81392
+3.22235,-2.89233
+3.22273,-3.22879
+3.2231,-3.19757
+3.22348,-3.59645
+3.22385,-3.58956
+3.22435,-3.68454
+3.22472,-3.67582
+3.2251,-3.86564
+3.22548,-3.45881
+3.22585,-3.43004
+3.22635,-3.00562
+3.22673,-3.12354
+3.2271,-3.1512
+3.22748,-2.76705
+3.22785,-2.67802
+3.22835,-2.44508
+3.22872,-1.9893
+3.2291,-1.79609
+3.22947,-1.78248
+3.22985,-1.60462
+3.23035,-1.85716
+3.23073,-1.81965
+3.2311,-2.18329
+3.23149,-2.05411
+3.23185,-2.05667
+3.23235,-2.57918
+3.23272,-3.18004
+3.2331,-3.27151
+3.23347,-3.19251
+3.23386,-3.6083
+3.23422,-3.51958
+3.23473,-3.12225
+3.2351,-2.82234
+3.23548,-2.85647
+3.23585,-2.84113
+3.23635,-2.77984
+3.23673,-2.06858
+3.2371,-2.25645
+3.23748,-2.38587
+3.23786,-1.806
+3.23835,-1.5473
+3.23873,-1.74221
+3.2391,-1.69044
+3.23959,-1.67207
+3.23986,-2.06321
+3.24035,-1.59275
+3.24073,-1.59755
+3.2411,-1.29078
+3.24148,-1.15744
+3.24186,-1.85683
+3.24235,-1.77583
+3.24273,-1.43088
+3.2431,-1.57309
+3.24348,-1.57
+3.24386,-1.11091
+3.24435,-1.12559
+3.24473,-1.30678
+3.2451,-1.13864
+3.24548,-1.71262
+3.24585,-1.57384
+3.24635,-1.53777
+3.24673,-1.49322
+3.24742,-1.60521
+3.2476,-1.5978
+3.24785,-2.06864
+3.24836,-2.11745
+3.24873,-2.41362
+3.2491,-2.37303
+3.24948,-1.71875
+3.24985,-1.20483
+3.25035,-1.57073
+3.25073,-1.54222
+3.2511,-1.62689
+3.25148,-2.10027
+3.25241,-1.60911
+3.25266,-1.87649
+3.25313,-1.49693
+3.25331,-1.44813
+3.25355,-1.41932
+3.25385,-1.36421
+3.25435,-0.983834
+3.25473,-1.41049
+3.2551,-0.840753
+3.25548,-0.50559
+3.25585,-0.552887
+3.25635,-0.0450772
+3.25673,-0.34592
+3.25711,-0.314673
+3.25748,-0.27998
+3.25785,-0.880976
+3.25835,-1.16825
+3.25873,-1.18669
+3.2591,-1.53003
+3.25948,-1.30834
+3.25985,-1.27084
+3.26036,-1.50648
+3.26073,-1.16188
+3.2611,-1.25163
+3.26148,-1.31878
+3.26198,-0.969391
+3.26235,-0.60015
+3.26273,-0.151619
+3.2631,+0.238181
+3.26348,+0.235567
+3.26386,+0.24143
+3.26435,+0.0606576
+3.26473,+0.103743
+3.26512,+0.061045
+3.26548,+0.0613724
+3.26586,+0.265826
+3.26636,+0.228017
+3.26673,+0.249036
+3.2671,+0.0768886
+3.26748,-0.300674
+3.26786,-0.364763
+3.26835,-0.0204542
+3.26873,-0.100621
+3.26911,-0.0923067
+3.26948,-0.110018
+3.26986,-0.275082
+3.27035,-0.342523
+3.27073,-0.772812
+3.27111,-0.587861
+3.27148,-0.760958
+3.27185,-0.781296
+3.27236,-1.07204
+3.27273,-1.14014
+3.27311,-1.19673
+3.27348,-1.10882
+3.27386,-1.54328
+3.27444,-1.88549
+3.27474,-1.49585
+3.27511,-1.71253
+3.27548,-1.25972
+3.27586,-1.50016
+3.27636,-1.26285
+3.27673,-1.15318
+3.27711,-1.06028
+3.27748,-1.51003
+3.27787,-0.892573
+3.27823,-0.877777
+3.27874,-0.75362
+3.27911,-0.614082
+3.27949,-0.478697
+3.27986,-0.0919008
+3.28036,-0.160312
+3.28075,-0.200951
+3.28111,-0.226282
+3.28148,+0.174606
+3.28186,+0.0572204
+3.28236,+0.371558
+3.28274,+0.203257
+3.28311,+0.11818
+3.28348,+0.0762878
+3.28386,-0.50481
+3.28436,-0.447571
+3.28473,-0.294622
+3.28511,-0.200168
+3.28548,-0.390165
+3.28586,-0.298296
+3.28636,-0.68348
+3.28673,-0.789038
+3.28711,-0.733629
+3.28749,-0.852397
+3.28786,-0.42262
+3.28836,-0.291712
+3.28873,-0.403009
+3.28911,-0.390478
+3.28948,-0.27118
+3.28985,-0.382335
+3.29036,+0.0336933
+3.29074,-0.276675
+3.29111,-0.304242
+3.29151,-0.725873
+3.29187,-0.831002
+3.29236,-1.08783
+3.29273,-1.33076
+3.29311,-1.53511
+3.29348,-1.412
+3.2939,-1.65071
+3.29423,-1.67682
+3.29474,-1.35184
+3.29511,-1.77947
+3.29549,-1.46026
+3.29586,-1.33048
+3.29636,-1.2473
+3.29673,-1.29317
+3.29711,-1.16696
+3.29748,-1.65131
+3.29786,-1.39893
+3.29823,-1.22653
+3.29875,-1.27681
+3.29911,-0.739938
+3.29948,-1.02811
+3.29987,-0.979232
+3.30036,-1.00979
+3.30073,-0.771161
+3.30111,-1.02044
+3.30148,-1.03306
+3.30186,-0.987239
+3.30236,-1.2477
+3.30274,-1.14009
+3.30311,-1.68623
+3.30349,-1.38768
+3.30386,-1.55834
+3.30436,-1.48747
+3.30473,-1.55363
+3.30513,-1.6653
+3.30548,-1.32658
+3.30587,-1.43899
+3.30623,-1.41535
+3.30674,-1.93212
+3.30711,-2.06609
+3.30748,-2.0565
+3.30786,-2.08042
+3.30823,-2.60454
+3.30873,-3.0963
+3.30911,-2.92408
+3.30948,-2.98861
+3.30987,-3.04815
+3.31036,-3.21691
+3.31074,-2.81863
+3.31111,-2.72578
+3.31149,-2.7091
+3.31186,-2.69151
+3.31236,-2.60588
+3.31273,-2.14224
+3.31311,-2.12689
+3.31348,-2.03725
+3.31386,-1.90185
+3.31438,-1.63854
+3.31474,-1.64236
+3.31511,-1.50426
+3.31549,-1.37516
+3.31586,-1.70421
+3.31636,-1.48804
+3.31673,-1.64917
+3.31711,-1.57438
+3.31748,-1.6694
+3.31786,-1.63636
+3.31823,-1.74692
+3.31874,-1.73063
+3.31911,-1.49666
+3.31949,-1.43929
+3.31986,-1.47227
+3.32036,-1.40926
+3.32073,-1.32533
+3.32111,-1.41695
+3.32148,-1.45567
+3.32186,-1.641
+3.32236,-1.50414
+3.32276,-1.76661
+3.32311,-1.60683
+3.32349,-2.16774
+3.32386,-2.0616
+3.32436,-1.94232
+3.32474,-1.74802
+3.32511,-1.70848
+3.32548,-1.62136
+3.32586,-1.46007
+3.32623,-1.54538
+3.32674,-1.44653
+3.32711,-1.80892
+3.32749,-1.79211
+3.32786,-1.89138
+3.32823,-1.80833
+3.32874,-1.91177
+3.32911,-2.27341
+3.32949,-2.14151
+3.32987,-2.12451
+3.33036,-2.21019
+3.33074,-2.06455
+3.33111,-2.08552
+3.33149,-2.0222
+3.33186,-1.69226
+3.33223,-2.10131
+3.33274,-2.13593
+3.33311,-1.76372
+3.33348,-1.83909
+3.33386,-1.96203
+3.33423,-1.87744
+3.33474,-2.20493
+3.33511,-1.82997
+3.33549,-1.39897
+3.33586,-1.38113
+3.33623,-0.884583
+3.33674,-0.891287
+3.33711,-0.792834
+3.33749,-0.661446
+3.33786,-0.591533
+3.33823,-0.604245
+3.33874,-0.569606
+3.33911,-0.695426
+3.33961,-0.605266
+3.33986,-0.779934
+3.34036,-0.924854
+3.34074,-0.768044
+3.34111,-0.697894
+3.34149,-1.13769
+3.3419,-1.13165
+3.34225,-1.00627
+3.34274,-0.772782
+3.34311,-0.57211
+3.34349,-0.588816
+3.34386,-0.188085
+3.34423,-0.0493351
+3.34474,-0.0601243
+3.34511,-0.038209
+3.34549,+0.359285
+3.34586,+0.382202
+3.34623,+0.0192223
+3.34674,+0.323009
+3.34711,+0.233164
+3.34749,+0.0816738
+3.34786,-0.0173586
+3.34824,-0.0899497
+3.34874,-0.449461
+3.34911,-0.911619
+3.3495,-0.811692
+3.34986,-0.524149
+3.35036,-0.274016
+3.35074,-0.198689
+3.35111,-0.300489
+3.35149,-0.226882
+3.35186,-0.170268
+3.35223,-0.140068
+3.35274,-0.12332
+3.35311,+0.185764
+3.35349,-0.298997
+3.35387,-0.749745
+3.35481,-0.526143
+3.35499,-0.590042
+3.35517,-0.291548
+3.35549,-0.571616
+3.35586,-0.508464
+3.35623,-1.0023
+3.35674,-0.664606
+3.35711,-0.485515
+3.35749,-0.0490554
+3.35786,+0.223359
+3.35823,+0.1143
+3.35874,+0.0707299
+3.35911,+0.0717698
+3.35949,+0.399346
+3.35986,+0.394404
+3.36036,+0.871448
+3.36074,+0.84719
+3.36111,+0.853066
+3.36149,+0.862725
+3.36187,+0.761277
+3.36223,+0.7629
+3.36274,+0.7779
+3.36311,+0.691794
+3.36349,+0.346581
+3.36386,+0.359841
+3.36424,+0.430404
+3.36474,+0.515724
+3.36511,+0.455425
+3.36549,+0.426064
+3.36587,+0.105225
+3.36624,+0.0725289
+3.36674,+0.0597254
+3.36711,-0.00218619
+3.3675,+0.322286
+3.36787,+0.262135
+3.36823,+0.197519
+3.36874,+0.201865
+3.36911,-0.121961
+3.36949,-0.0971513
+3.37001,-0.105825
+3.37025,+0.0168682
+3.37087,+0.0720124
+3.37115,-0.375494
+3.3715,-0.537453
+3.37187,-0.450354
+3.37223,-0.525697
+3.37274,-0.940748
+3.37311,-1.08778
+3.37349,-1.15211
+3.37386,-0.809497
+3.37424,-0.95393
+3.37474,-1.0256
+3.37511,-1.24399
+3.3755,-1.21311
+3.37587,-1.22479
+3.37624,-1.24802
+3.37682,-0.899138
+3.37712,-0.82216
+3.37749,-0.907502
+3.37787,-0.928768
+3.37823,-0.816927
+3.37875,-0.811924
+3.37911,-0.53018
+3.37949,-0.428955
+3.37988,-0.626353
+3.38037,-0.910745
+3.38074,-0.968006
+3.38112,-1.02457
+3.38149,-1.01248
+3.38186,-0.932469
+3.38224,-1.1351
+3.38274,-1.21772
+3.38311,-0.849457
+3.38349,-0.862769
+3.38387,-0.793901
+3.38423,-0.838546
+3.38474,-0.886423
+3.38511,-0.870803
+3.38549,-0.967178
+3.38587,-0.992835
+3.38624,-1.33591
+3.387,-1.37968
+3.38724,-1.59467
+3.38749,-1.6566
+3.38787,-1.71999
+3.38824,-1.45666
+3.38874,-1.84541
+3.38911,-1.5314
+3.38949,-1.8401
+3.38987,-1.90976
+3.39024,-1.58815
+3.39074,-1.55955
+3.39111,-1.46427
+3.39149,-1.63846
+3.39186,-1.68717
+3.39224,-1.75634
+3.39274,-1.5301
+3.39311,-2.03067
+3.39349,-1.6922
+3.39388,-1.70106
+3.39424,-1.56974
+3.39474,-1.68737
+3.39512,-1.67843
+3.39549,-2.02252
+3.39587,-1.98928
+3.39626,-1.91378
+3.39674,-2.18742
+3.39711,-1.96273
+3.39749,-2.105
+3.39787,-2.53573
+3.39824,-2.60826
+3.39874,-2.57216
+3.39911,-2.62036
+3.39949,-2.25248
+3.39987,-2.38643
+3.40037,-2.47707
+3.40074,-2.21174
+3.40112,-2.06495
+3.40149,-2.38117
+3.40187,-2.01671
+3.40224,-2.15495
+3.40275,-2.63413
+3.40311,-2.97946
+3.40349,-2.94411
+3.40387,-2.96062
+3.40424,-2.93698
+3.40474,-2.8886
+3.40512,-2.88975
+3.40549,-2.45407
+3.40587,-2.91064
+3.40624,-3.03963
+3.40674,-2.63766
+3.40712,-2.36872
+3.40751,-2.88274
+3.40787,-2.92439
+3.40824,-3.00034
+3.40874,-2.91131
+3.40912,-2.91743
+3.40949,-2.9032
+3.40987,-2.55563
+3.41024,-2.26021
+3.41074,-2.62511
+3.41112,-2.66588
+3.41149,-2.10215
+3.41186,-2.04561
+3.41224,-1.85903
+3.41274,-1.9095
+3.41311,-1.90022
+3.41349,-1.93997
+3.41388,-1.9063
+3.41424,-1.92499
+3.41475,-1.54097
+3.41512,-1.37884
+3.41549,-1.54525
+3.41587,-1.97501
+3.41624,-2.187
+3.41674,-2.09946
+3.41712,-2.16636
+3.41749,-2.12628
+3.41787,-2.51198
+3.41824,-2.97837
+3.41874,-2.87091
+3.41912,-2.92101
+3.41949,-2.72504
+3.41987,-2.31387
+3.42024,-2.2199
+3.42074,-2.32235
+3.42112,-2.18038
+3.42149,-2.69222
+3.42187,-2.21228
+3.42224,-1.95256
+3.42274,-2.06811
+3.42312,-2.04013
+3.42349,-2.03181
+3.42387,-2.462
+3.42424,-2.47431
+3.42482,-2.4572
+3.42512,-2.43254
+3.42549,-1.92416
+3.42587,-1.88309
+3.42624,-1.78674
+3.42675,-1.54237
+3.42712,-1.52225
+3.42749,-2.03004
+3.42787,-1.60046
+3.42824,-2.02622
+3.42874,-1.8322
+3.42912,-1.90257
+3.42949,-1.92608
+3.42987,-2.11096
+3.43024,-2.15107
+3.43075,-2.16214
+3.43112,-2.12884
+3.4315,-1.6319
+3.43187,-1.6565
+3.43224,-1.12202
+3.43274,-1.54298
+3.43312,-1.94915
+3.43349,-1.85628
+3.43387,-2.16757
+3.43424,-1.97452
+3.43475,-2.28813
+3.43512,-2.26334
+3.43549,-2.49502
+3.43587,-2.42284
+3.43624,-2.33141
+3.43674,-1.9362
+3.43712,-1.50642
+3.43749,-1.44098
+3.43787,-0.772567
+3.43824,-1.24629
+3.43875,-1.32003
+3.43912,-1.24893
+3.4395,-0.75876
+3.43987,-0.837533
+3.44025,-0.865974
+3.44074,-0.926381
+3.44112,-0.867095
+3.44149,-1.34122
+3.44187,-1.3471
+3.44224,-0.950402
+3.44275,-0.914701
+3.44312,-0.981343
+3.44349,-1.12533
+3.44387,-1.11932
+3.44424,-1.15513
+3.44476,-1.12229
+3.44512,-1.14995
+3.44549,-0.647358
+3.44587,-0.804665
+3.44624,-0.681499
+3.44675,-0.520885
+3.44712,-0.445789
+3.4475,-0.812038
+3.44787,-0.682641
+3.44824,-0.710695
+3.44874,-0.605443
+3.44912,-0.965023
+3.44949,-0.978114
+3.44987,-0.806661
+3.45024,-0.74274
+3.45075,-0.637955
+3.45112,-0.634445
+3.45149,-0.167725
+3.45196,-0.415263
+3.45225,-0.195794
+3.45275,-0.265566
+3.45312,+0.19836
+3.45349,+0.17826
+3.45387,+0.0515877
+3.45424,+0.104004
+3.45475,-0.087636
+3.45512,-0.219334
+3.4555,-0.169925
+3.45587,+0.0283334
+3.45624,-0.382625
+3.45721,-0.220821
+3.45746,-0.339507
+3.45764,-0.281692
+3.4579,-0.647709
+3.45825,-0.751425
+3.45876,-0.932265
+3.45912,-0.900001
+3.4595,-1.53524
+3.45987,-1.44556
+3.46025,-1.20468
+3.46075,-1.35578
+3.46112,-1.29769
+3.4615,-1.90764
+3.46187,-1.85253
+3.46224,-1.89147
+3.46275,-1.99191
+3.46312,-1.9526
+3.4635,-1.39626
+3.46387,-1.46865
+3.46425,-1.88386
+3.46475,-1.86414
+3.46512,-1.91842
+3.4655,-1.74277
+3.46587,-1.37842
+3.46625,-1.27487
+3.46675,-0.708015
+3.46712,-1.10449
+3.4675,-1.21025
+3.46787,-1.19092
+3.46825,-0.681471
+3.46877,-1.18264
+3.46913,-1.47532
+3.4695,-1.1763
+3.46988,-1.2307
+3.47025,-1.30989
+3.47075,-1.80457
+3.47112,-1.50363
+3.47151,-1.53881
+3.472,-1.34445
+3.47237,-1.79128
+3.47275,-1.38526
+3.47312,-1.09673
+3.4735,-1.08402
+3.47388,-1.11739
+3.47425,-1.16944
+3.47475,-0.844497
+3.47512,-0.695497
+3.4755,-1.10806
+3.47587,-1.35403
+3.47625,-0.997417
+3.47675,-1.01013
+3.47712,-0.962021
+3.4775,-0.981041
+3.47787,-1.08748
+3.47825,-1.41842
+3.47875,-1.43687
+3.47913,-1.67002
+3.4795,-1.31642
+3.47987,-1.45533
+3.48025,-1.62597
+3.48075,-1.65484
+3.48113,-1.57146
+3.4815,-1.98981
+3.48187,-2.29289
+3.48225,-2.09769
+3.48276,-2.20478
+3.48313,-2.61113
+3.4835,-2.65172
+3.48388,-2.36929
+3.48425,-2.50574
+3.48475,-2.48575
+3.48513,-2.55306
+3.48552,-2.13444
+3.48588,-1.73316
+3.48625,-1.84766
+3.48675,-1.6854
+3.48712,-1.61557
+3.4875,-1.824
+3.48788,-2.07269
+3.48825,-2.28913
+3.48875,-2.79423
+3.48913,-2.87311
+3.4895,-2.85487
+3.48988,-2.90191
+3.49025,-2.66798
+3.49075,-3.08217
+3.49113,-3.03877
+3.4915,-2.77392
+3.49188,-3.11392
+3.49225,-2.74263
+3.49275,-2.19395
+3.49312,-2.21616
+3.4935,-2.29251
+3.49388,-2.30815
+3.49425,-2.31168
+3.49475,-1.96569
+3.49513,-1.71989
+3.4955,-2.15059
+3.49588,-2.24734
+3.49627,-2.23651
+3.49675,-2.38568
+3.49712,-2.49253
+3.4975,-2.57418
+3.49788,-2.64118
+3.49825,-3.08624
+3.49878,-3.04186
+3.49913,-3.01509
+3.4995,-3.09328
+3.49988,-3.01409
+3.50025,-3.58801
+3.50075,-3.57934
+3.50113,-3.66647
+3.5015,-4.21206
+3.502,-4.25243
+3.50226,-4.09589
+3.50275,-4.06687
+3.50313,-4.10404
+3.50351,-3.66267
+3.50388,-3.74193
+3.50425,-3.32828
+3.50475,-3.28199
+3.50513,-3.17538
+3.5055,-2.78096
+3.50588,-3.19204
+3.50625,-3.02991
+3.50679,-3.34937
+3.50717,-3.32129
+3.50751,-3.50108
+3.50863,-3.01064
+3.50884,-2.81415
+3.50925,-2.92568
+3.5095,-2.92346
+3.5099,-2.75782
+3.51025,-2.53421
+3.51076,-2.7501
+3.51113,-2.5515
+3.51151,-2.94845
+3.51188,-3.44156
+3.51225,-3.92603
+3.51275,-4.45169
+3.51313,-4.60123
+3.5135,-5.03367
+3.51388,-5.08344
+3.51425,-5.21578
+3.51476,-5.14104
+3.51513,-5.31381
+3.5155,-5.0319
+3.51588,-4.93854
+3.51625,-5.20031
+3.51675,-4.96439
+3.51713,-5.40745
+3.5175,-5.14694
+3.51788,-5.26514
+3.51825,-4.92848
+3.51877,-4.92801
+3.51914,-4.86018
+3.51951,-5.16334
+3.51988,-4.79988
+3.52025,-4.25604
+3.52075,-4.12046
+3.52113,-3.57409
+3.5215,-3.45977
+3.52201,-3.53447
+3.52225,-3.58298
+3.52276,-3.92478
+3.52313,-3.97582
+3.5235,-3.56815
+3.52388,-3.52014
+3.52425,-3.39442
+3.52475,-3.81472
+3.52513,-3.85039
+3.5255,-3.90327
+3.52588,-3.80775
+3.52625,-3.9337
+3.52676,-4.03754
+3.52713,-3.92943
+3.52752,-4.14273
+3.52788,-4.24974
+3.52825,-4.70936
+3.52875,-4.26676
+3.52913,-4.69004
+3.5295,-4.63793
+3.52988,-5.18059
+3.53026,-5.21137
+3.53076,-4.69092
+3.53113,-4.53933
+3.5315,-4.8393
+3.53188,-4.62074
+3.53225,-4.21997
+3.53276,-4.20205
+3.53313,-3.73992
+3.53351,-4.18489
+3.53388,-3.78505
+3.53426,-3.75916
+3.53476,-3.69173
+3.53513,-3.8003
+3.53551,-3.31085
+3.53588,-3.30281
+3.53626,-3.65627
+3.53675,-3.75817
+3.53713,-3.65776
+3.53751,-3.18846
+3.53788,-2.92604
+3.53825,-2.71235
+3.53876,-2.87467
+3.53913,-3.29404
+3.5395,-3.20339
+3.53988,-3.21652
+3.54025,-2.73233
+3.54075,-2.54252
+3.54113,-2.55583
+3.54151,-2.50465
+3.54188,-2.57649
+3.54226,-2.63338
+3.54276,-2.57196
+3.54313,-2.21924
+3.54351,-2.81337
+3.54388,-3.31005
+3.54425,-3.46162
+3.54475,-3.45129
+3.54513,-3.45344
+3.54551,-3.60002
+3.54588,-4.01122
+3.54626,-4.20127
+3.5468,-4.41142
+3.54713,-4.78053
+3.54784,-4.22724
+3.54807,-3.93765
+3.54854,-4.28626
+3.54876,-4.2424
+3.54913,-4.48224
+3.54951,-4.34022
+3.54988,-4.24688
+3.55025,-4.03535
+3.55076,-3.87409
+3.55113,-3.42431
+3.55151,-3.4739
+3.55188,-3.35023
+3.55238,-2.83889
+3.55276,-2.9958
+3.55313,-2.81646
+3.55351,-2.90976
+3.55388,-2.59137
+3.5543,-2.61422
+3.55477,-2.49193
+3.55514,-2.41427
+3.55551,-2.33407
+3.55588,-2.28168
+3.55625,-2.35281
+3.55676,-2.27535
+3.55713,-2.65288
+3.55751,-2.50928
+3.55788,-2.76884
+3.55825,-2.65115
+3.55961,-2.53607
+3.55979,-2.42907
+3.56005,-2.43094
+3.5603,-2.73412
+3.56076,-2.66995
+3.56113,-2.57
+3.56151,-2.12991
+3.56188,-2.40071
+3.56226,-1.96192
+3.56276,-2.03914
+3.56313,-1.99356
+3.56351,-2.04781
+3.56388,-1.95086
+3.56425,-1.58629
+3.56476,-1.4303
+3.56513,-1.3405
+3.56551,-1.14552
+3.56588,-0.85447
+3.56627,-1.22824
+3.56677,-1.71208
+3.56713,-1.82769
+3.56751,-1.86807
+3.56788,-1.8133
+3.56827,-1.76307
+3.56876,-1.81063
+3.56913,-1.91419
+3.56951,-2.40691
+3.56989,-2.27298
+3.57026,-1.81102
+3.57076,-1.22582
+3.57113,-1.15203
+3.57151,-1.15543
+3.57188,-1.6004
+3.57228,-1.90354
+3.57276,-2.00888
+3.57314,-1.8759
+3.57351,-1.86636
+3.57388,-1.89194
+3.57427,-1.917
+3.57478,-2.31312
+3.57514,-2.24592
+3.57551,-2.05602
+3.57588,-2.04038
+3.57626,-1.60439
+3.57677,-1.54344
+3.57714,-1.62838
+3.57751,-1.02376
+3.57788,-0.88133
+3.57827,-0.855685
+3.57863,-0.540102
+3.57913,-0.446887
+3.57951,-0.519669
+3.57988,-0.0353014
+3.58026,-0.0195302
+3.58076,+0.00163235
+3.58113,-0.387215
+3.58151,-0.412356
+3.58188,-0.968517
+3.58226,-1.40078
+3.58276,-1.32721
+3.58313,-1.38434
+3.58351,-1.53002
+3.58388,-1.91734
+3.58427,-2.23446
+3.58477,-2.66275
+3.58514,-2.23899
+3.58551,-2.46333
+3.58588,-2.01342
+3.58626,-1.57031
+3.58676,-1.5321
+3.58714,-1.86687
+3.58751,-1.77264
+3.58788,-1.36685
+3.58827,-1.02561
+3.58895,-0.49331
+3.58918,-0.577597
+3.58953,-0.917239
+3.58989,-1.39201
+3.59027,-1.44394
+3.59064,-1.48566
+3.59113,-1.25945
+3.59151,-1.37912
+3.59188,-1.87677
+3.59227,-1.90865
+3.59276,-2.32632
+3.59313,-2.35856
+3.59351,-1.8048
+3.59389,-1.38121
+3.59426,-1.36766
+3.59464,-1.43682
+3.59514,-1.81054
+3.59551,-1.59861
+3.59588,-1.57771
+3.59627,-1.64796
+3.59676,-1.31987
+3.59713,-1.36262
+3.59751,-1.35721
+3.59789,-1.42164
+3.59826,-1.36761
+3.59876,-1.28239
+3.59914,-0.854546
+3.59952,-1.34881
+3.59989,-1.31416
+3.60027,-1.4692
+3.60076,-1.43702
+3.60114,-1.20537
+3.60178,-1.44456
+3.60197,-1.33834
+3.60227,-1.4283
+3.60278,-1.40512
+3.60314,-1.38335
+3.60354,-1.45337
+3.6039,-1.17196
+3.60426,-0.977312
+3.60476,-1.00493
+3.60514,-1.09884
+3.60551,-1.11349
+3.60588,-1.61571
+3.60627,-1.65632
+3.60678,-1.5749
+3.60714,-1.98733
+3.60752,-1.40086
+3.60789,-1.36818
+3.60827,-1.30877
+3.60876,-1.85717
+3.60914,-2.29899
+3.60951,-2.09061
+3.6099,-1.61976
+3.61027,-1.48447
+3.61077,-1.50145
+3.61114,-1.10258
+3.61151,-1.18516
+3.61188,-1.13044
+3.61228,-1.16213
+3.61263,-0.247982
+3.61314,+0.154717
+3.61351,-0.321525
+3.61389,-0.32349
+3.61426,-0.231294
+3.61464,-0.256882
+3.61513,-0.300786
+3.61551,-0.238725
+3.61589,-0.0908345
+3.61626,-0.192565
+3.61663,-0.455382
+3.61714,-0.544112
+3.61751,-0.103545
+3.61789,-0.0147837
+3.61826,-0.146131
+3.61864,-0.632639
+3.61914,-0.997235
+3.61951,-1.37316
+3.61989,-1.45252
+3.62026,-1.41116
+3.62063,-1.68936
+3.62114,-2.05243
+3.62151,-1.97064
+3.62189,-2.10705
+3.62227,-2.1269
+3.62264,-1.59153
+3.62314,-1.65306
+3.62364,-1.34281
+3.62389,-1.41722
+3.62427,-1.74434
+3.62463,-1.27797
+3.62514,-1.1642
+3.62551,-1.16815
+3.62589,-1.08661
+3.62627,-1.06326
+3.62666,-1.04335
+3.62719,-0.610652
+3.62755,-0.657352
+3.62792,-0.770869
+3.6283,-0.409864
+3.62867,-0.566389
+3.6292,-0.238292
+3.62955,-0.301041
+3.62993,-0.33161
+3.63031,-0.242384
+3.63068,-0.395785
+3.63119,-0.788895
+3.63156,-0.51611
+3.63192,-0.479935
+3.63228,-0.510624
+3.63267,-0.808603
+3.63318,-0.652476
+3.63356,-0.690293
+3.63392,-1.1148
+3.63431,-1.60094
+3.63467,-1.97014
+3.63518,-1.58956
+3.63555,-1.76433
+3.63594,-1.57409
+3.6363,-1.91053
+3.63667,-1.4415
+3.63719,-1.48483
+3.63756,-1.31259
+3.63793,-1.29564
+3.63831,-0.897221
+3.63867,-0.350709
+3.63917,-0.279116
+3.63954,-0.240665
+3.63991,-0.174034
+3.64029,-0.134526
+3.64066,-0.135677
+3.64118,-0.259474
+3.64155,-0.477536
+3.64193,-0.0391786
+3.6423,+0.14745
+3.64267,+0.174894
+3.64318,+0.0935261
+3.64356,-0.481132
+3.64392,-0.561783
+3.6443,-0.0749484
+3.64468,-0.531099
+3.6452,-0.838747
+3.64555,-0.527157
+3.64594,-0.984959
+3.64631,-1.4958
+3.64667,-1.48653
+3.64719,-1.22951
+3.64756,-0.716955
+3.64793,-0.671025
+3.6483,-0.762743
+3.64865,-0.218342
+3.64923,+0.346833
+3.64953,+0.212086
+3.64991,+0.851706
+3.6503,+1.37623
+3.65067,+1.47035
+3.65119,+1.35738
+3.65154,+1.50873
+3.65192,+1.35278
+3.6523,+1.49126
+3.65268,+0.940538
+3.65319,+0.429061
+3.65356,+0.00903567
+3.65393,-0.0593637
+3.65431,-0.736118
+3.65468,-1.45919
+3.65518,-1.87971
+3.65555,-2.00298
+3.65592,-1.83595
+3.65631,-1.98085
+3.65674,-1.50338
+3.65719,-0.943658
+3.65755,-0.563374
+3.65794,-0.581496
+3.65831,+0.087993
+3.65871,+0.275073
+3.65919,+0.738168
+3.65956,+0.723442
+3.65993,+0.822634
+3.6603,+0.383143
+3.66065,-0.424618
+3.66201,-0.652985
+3.66229,-0.653225
+3.66248,-0.572185
+3.66296,-0.601338
+3.6632,-0.68065
+3.66356,-0.685879
+3.66392,-0.627738
+3.6643,-0.705012
+3.66468,-0.141433
+3.66519,+0.832489
+3.66555,+0.932691
+3.66593,+0.927037
+3.6663,+0.755316
+3.66667,+0.310261
+3.66718,+0.872906
+3.66755,+0.421455
+3.66793,+0.353785
+3.66832,-0.0329612
+3.66869,-0.54399
+3.66919,-0.542127
+3.66955,-0.945505
+3.66994,-1.3421
+3.67032,-1.28091
+3.67069,-0.759511
+3.67119,-0.784538
+3.67155,-0.395299
+3.67191,-0.29384
+3.67229,+0.163014
+3.67265,+0.526282
+3.67316,+0.459817
+3.6736,+0.403073
+3.67406,+0.754039
+3.67432,+0.698357
+3.67471,+0.544957
+3.6752,+0.524519
+3.67554,+0.600996
+3.67592,+0.59724
+3.6763,+0.507784
+3.67668,+0.643243
+3.67718,+0.647556
+3.67756,+0.606983
+3.67792,+0.634641
+3.6783,+0.803773
+3.67868,+0.800104
+3.67919,+0.126478
+3.67957,+0.184809
+3.67993,-0.367986
+3.68045,-0.468007
+3.68081,-0.735723
+3.68118,-0.899725
+3.68156,-0.884094
+3.68193,-1.18723
+3.68231,-1.73086
+3.68267,-1.79248
+3.68316,-1.22413
+3.68354,-1.49321
+3.68393,-1.08896
+3.68429,-1.75542
+3.68468,-1.65583
+3.68519,-2.26134
+3.68553,-1.75551
+3.68589,-1.58807
+3.68627,-1.17218
+3.68664,-1.2764
+3.68716,-1.8666
+3.68753,-1.91025
+3.68789,-1.93804
+3.68827,-1.38826
+3.68864,-1.37818
+3.68914,-0.795858
+3.68952,-1.04651
+3.68989,-1.48465
+3.69029,-1.66553
+3.69065,-1.63028
+3.69114,-1.2453
+3.69152,-1.78845
+3.69189,-1.85924
+3.69227,-1.93834
+3.69264,-1.99917
+3.69314,-2.11904
+3.69352,-2.09842
+3.69389,-1.8826
+3.69427,-1.74788
+3.69464,-1.86196
+3.69514,-1.8089
+3.69552,-1.32924
+3.69589,-1.74546
+3.69627,-1.63845
+3.69664,-1.76213
+3.69714,-1.78055
+3.69752,-1.80741
+3.69789,-1.65711
+3.69827,-2.23384
+3.69865,-2.29478
+3.69914,-2.76784
+3.69952,-3.18737
+3.69989,-2.9197
+3.70027,-3.50184
+3.70064,-3.99215
+3.70116,-4.39773
+3.70152,-4.39145
+3.70189,-4.49153
+3.70227,-4.04309
+3.70264,-4.07601
+3.70314,-3.66402
+3.70354,-3.39386
+3.7039,-3.90406
+3.70428,-3.6092
+3.7049,-3.16414
+3.70515,-2.94372
+3.70552,-3.52539
+3.70589,-3.62603
+3.70627,-4.35533
+3.70664,-4.34797
+3.70714,-4.46727
+3.70752,-4.46088
+3.70789,-3.93348
+3.70827,-3.90254
+3.70864,-3.99535
+3.70914,-3.98742
+3.70952,-3.98638
+3.70989,-3.91815
+3.71027,-3.38234
+3.71064,-3.4471
+3.71114,-3.8358
+3.71152,-3.72541
+3.71189,-3.77887
+3.71227,-3.82268
+3.71264,-4.23408
+3.71314,-4.32619
+3.71352,-3.94461
+3.71389,-3.99729
+3.71427,-4.0329
+3.71467,-3.93125
+3.71515,-3.50654
+3.71552,-3.75524
+3.7159,-3.46992
+3.71628,-3.33608
+3.71664,-2.90643
+3.71714,-2.61839
+3.71752,-2.59197
+3.71789,-2.63787
+3.71827,-3.07402
+3.71865,-3.22524
+3.71915,-3.22378
+3.71952,-3.44106
+3.7199,-4.15955
+3.72028,-4.70683
+3.72064,-4.66235
+3.72114,-4.77806
+3.72152,-4.82382
+3.72189,-4.66389
+3.72227,-4.57703
+3.72264,-4.88061
+3.72315,-5.28553
+3.72352,-5.01704
+3.72391,-4.84229
+3.72427,-4.84992
+3.72477,-4.87723
+3.72515,-4.96501
+3.72552,-4.88176
+3.7259,-4.94984
+3.72627,-4.81695
+3.72665,-4.79101
+3.72715,-4.72859
+3.72752,-4.55291
+3.7279,-4.22133
+3.72827,-3.55686
+3.72864,-3.54413
+3.72915,-3.98569
+3.72952,-4.24546
+3.7299,-4.62716
+3.73027,-4.32627
+3.73065,-3.94712
+3.73115,-3.63792
+3.73152,-3.72142
+3.7319,-3.7251
+3.73229,-4.20919
+3.73264,-4.61783
+3.73315,-4.52608
+3.73352,-4.30796
+3.7339,-3.89372
+3.73427,-3.92681
+3.73465,-4.39047
+3.73515,-4.72671
+3.73553,-4.98747
+3.7359,-5.09607
+3.73627,-5.1863
+3.73664,-5.12273
+3.73715,-5.02931
+3.73752,-4.83537
+3.7379,-5.3915
+3.73827,-5.45163
+3.73865,-5.41307
+3.73915,-5.44032
+3.73952,-5.04071
+3.7399,-5.43331
+3.74027,-5.00662
+3.74065,-4.52322
+3.74115,-4.67388
+3.74152,-4.72313
+3.7419,-4.58047
+3.74227,-4.39152
+3.74265,-4.0181
+3.74315,-3.41379
+3.74352,-3.50053
+3.7439,-3.56404
+3.74427,-3.40075
+3.74464,-3.93421
+3.74515,-4.1236
+3.74552,-4.04501
+3.7459,-3.52799
+3.74651,-4.15551
+3.74669,-4.06567
+3.74715,-4.23058
+3.74752,-4.17169
+3.7479,-3.59015
+3.74827,-3.73738
+3.74864,-3.19405
+3.74915,-2.43606
+3.74952,-2.37468
+3.7499,-2.44416
+3.75027,-1.8364
+3.75065,-1.75321
+3.75115,-1.73083
+3.75159,-1.73174
+3.7519,-1.81643
+3.75227,-1.80036
+3.75265,-1.80506
+3.75315,-1.7899
+3.75352,-1.85677
+3.7539,-2.20994
+3.75427,-2.72909
+3.75465,-3.28356
+3.75515,-3.2504
+3.75552,-3.19854
+3.7559,-3.4751
+3.75628,-3.41046
+3.75665,-3.43656
+3.75715,-3.47754
+3.75752,-4.03437
+3.7579,-4.08955
+3.75827,-3.95631
+3.75865,-3.55628
+3.75916,-3.63002
+3.75953,-4.08576
+3.7599,-3.76881
+3.76027,-4.30182
+3.76065,-4.11094
+3.76115,-4.40275
+3.76152,-3.83054
+3.7619,-3.36841
+3.76227,-3.22192
+3.76265,-3.00735
+3.76315,-2.81428
+3.76352,-2.33962
+3.76441,-2.14774
+3.76466,-1.63204
+3.7649,-1.68855
+3.76515,-1.4357
+3.76552,-1.42814
+3.7659,-1.44885
+3.76627,-1.66173
+3.76665,-2.17297
+3.76715,-2.276
+3.76753,-2.24486
+3.7679,-2.44953
+3.76827,-2.56324
+3.76865,-2.73664
+3.76915,-2.58077
+3.76952,-2.5979
+3.7699,-2.64605
+3.77027,-2.30414
+3.77065,-2.32636
+3.77115,-2.29763
+3.77152,-2.33774
+3.7719,-2.26247
+3.77227,-2.16826
+3.77265,-2.18331
+3.77315,-2.28148
+3.77352,-2.764
+3.7739,-2.75393
+3.77427,-2.57761
+3.77465,-2.09402
+3.77515,-2.03493
+3.77553,-2.0686
+3.77592,-2.10708
+3.77628,-2.74096
+3.77665,-2.61989
+3.77716,-2.54637
+3.77752,-2.55922
+3.7779,-2.47127
+3.77828,-2.9805
+3.77865,-2.98736
+3.77917,-3.66678
+3.77954,-3.65971
+3.7799,-3.5845
+3.78027,-2.8877
+3.78066,-3.40843
+3.78115,-3.32703
+3.78152,-3.35565
+3.7819,-3.46216
+3.78227,-3.12927
+3.78265,-3.62487
+3.78315,-3.09909
+3.78353,-3.05681
+3.7839,-2.965
+3.78427,-3.10999
+3.78465,-3.11634
+3.78515,-3.84141
+3.78553,-3.61968
+3.7859,-3.68898
+3.78627,-3.68036
+3.78667,-3.87598
+3.78715,-4.40945
+3.78752,-4.5886
+3.7879,-4.7015
+3.78828,-5.04779
+3.78866,-4.59983
+3.78915,-4.11809
+3.78952,-4.02531
+3.7899,-3.95878
+3.79028,-3.97367
+3.79066,-3.33032
+3.79115,-2.69873
+3.79153,-3.02593
+3.7919,-3.12185
+3.79228,-2.79619
+3.79265,-2.8236
+3.79315,-2.71591
+3.79352,-2.68065
+3.7939,-2.86494
+3.79427,-2.86029
+3.79466,-2.93522
+3.79515,-3.56846
+3.79552,-3.26825
+3.7959,-3.78158
+3.79627,-3.81591
+3.79665,-3.96242
+3.79715,-4.04878
+3.79752,-3.98849
+3.7979,-3.93154
+3.79827,-3.94386
+3.79865,-3.96575
+3.79915,-3.51944
+3.79953,-3.95254
+3.7999,-3.48759
+3.80028,-3.33022
+3.80065,-3.29219
+3.80115,-3.2487
+3.80153,-3.23607
+3.8019,-3.29976
+3.80228,-3.41109
+3.80268,-3.88873
+3.80332,-3.95889
+3.80354,-3.98321
+3.80391,-4.03121
+3.80428,-4.19291
+3.80465,-4.17142
+3.80515,-4.32052
+3.80553,-4.45295
+3.80592,-4.34308
+3.80628,-4.16886
+3.80665,-3.73678
+3.80715,-3.60437
+3.80753,-3.1116
+3.8079,-3.08625
+3.80828,-3.13084
+3.80865,-3.08781
+3.80915,-3.56563
+3.80953,-3.52904
+3.8099,-3.46076
+3.81028,-3.96888
+3.81066,-4.11527
+3.81115,-4.27009
+3.81153,-4.47851
+3.8119,-4.95794
+3.81228,-4.99695
+3.81266,-5.46252
+3.81315,-5.31265
+3.81353,-5.38305
+3.8139,-6.00773
+3.81428,-5.69827
+3.81466,-6.05806
+3.81515,-6.07517
+3.81553,-6.01724
+3.8159,-6.04193
+3.81627,-5.93233
+3.81678,-6.00222
+3.81717,-6.55411
+3.81753,-6.5757
+3.8179,-6.16155
+3.81828,-5.9081
+3.81866,-5.44868
+3.81915,-5.91123
+3.81953,-5.92127
+3.8199,-5.9609
+3.82028,-6.15377
+3.82066,-5.95479
+3.82115,-5.47931
+3.82153,-5.54199
+3.8219,-5.58209
+3.82228,-6.29351
+3.82267,-6.38153
+3.82315,-6.4037
+3.82353,-6.49309
+3.8239,-6.04559
+3.82428,-6.09058
+3.82466,-6.57854
+3.82515,-6.55758
+3.82553,-6.54601
+3.8259,-6.92323
+3.82628,-6.3951
+3.82665,-6.3835
+3.82715,-6.02016
+3.82753,-5.96243
+3.8279,-6.0377
+3.82828,-6.36529
+3.82866,-5.79493
+3.82915,-5.80909
+3.82953,-5.79106
+3.8299,-6.00533
+3.83028,-6.09098
+3.83066,-6.04708
+3.83116,-6.45933
+3.83153,-6.43652
+3.8319,-6.35755
+3.83228,-6.00902
+3.83266,-6.05761
+3.83316,-5.96697
+3.83353,-6.00357
+3.83391,-5.48411
+3.83428,-5.52981
+3.83468,-5.62446
+3.83516,-5.71592
+3.83553,-5.77956
+3.83591,-6.28218
+3.83628,-6.35849
+3.83665,-6.27749
+3.83716,-6.41165
+3.83753,-6.47007
+3.83791,-6.87899
+3.83828,-6.84867
+3.83866,-7.27167
+3.83916,-6.75908
+3.83953,-6.64939
+3.8399,-6.12813
+3.84028,-6.46617
+3.84066,-6.38702
+3.84116,-6.28525
+3.84153,-6.11209
+3.84191,-6.05746
+3.84228,-6.03758
+3.84267,-6.17431
+3.84316,-6.019
+3.84353,-6.10347
+3.8439,-6.09687
+3.84428,-5.67891
+3.84466,-5.66829
+3.84516,-5.76145
+3.84553,-5.84515
+3.8459,-5.37864
+3.84641,-5.34794
+3.84666,-5.28881
+3.84715,-5.30489
+3.84753,-5.69372
+3.84791,-5.57314
+3.84828,-5.54354
+3.84866,-5.97756
+3.84903,-5.90729
+3.84953,-5.92938
+3.84991,-5.74797
+3.85028,-6.13227
+3.85066,-5.59246
+3.85116,-5.69095
+3.85153,-5.22618
+3.85191,-5.80434
+3.85228,-5.8039
+3.85266,-5.45038
+3.85316,-5.41994
+3.85353,-5.32432
+3.85399,-5.37252
+3.85429,-4.83266
+3.85467,-4.69131
+3.85503,-5.13185
+3.85554,-5.56642
+3.85591,-5.41365
+3.85628,-5.39084
+3.85666,-5.21686
+3.85716,-5.1545
+3.85753,-5.29781
+3.85791,-5.26742
+3.85828,-5.78883
+3.85867,-5.89284
+3.85903,-5.73413
+3.85953,-5.19334
+3.85991,-4.78026
+3.86028,-5.18565
+3.86066,-5.26289
+3.86103,-5.27833
+3.86154,-5.09351
+3.86191,-5.04513
+3.86229,-4.66138
+3.86267,-4.55139
+3.86303,-4.563
+3.86354,-4.77991
+3.8639,-5.30952
+3.86428,-4.70244
+3.86466,-4.81414
+3.86503,-4.62068
+3.86553,-4.79481
+3.86591,-4.89092
+3.86681,-4.68718
+3.86709,-5.0967
+3.86728,-4.47212
+3.86754,-4.22514
+3.86791,-3.6048
+3.86829,-3.78285
+3.86866,-3.39397
+3.86904,-3.52478
+3.86954,-3.36039
+3.86991,-3.2131
+3.87028,-3.74024
+3.87066,-3.21081
+3.87103,-3.2572
+3.87154,-3.62942
+3.87191,-3.62117
+3.87228,-3.32038
+3.87266,-3.46806
+3.87316,-3.46212
+3.87353,-3.31232
+3.87391,-3.33608
+3.87428,-2.82237
+3.87467,-2.85829
+3.87503,-3.27517
+3.87554,-2.68512
+3.87591,-2.6045
+3.87629,-2.65557
+3.87678,-2.66818
+3.87716,-2.56614
+3.87753,-3.04066
+3.87791,-3.4274
+3.8783,-3.37625
+3.87867,-3.22158
+3.87903,-2.71031
+3.87955,-3.30836
+3.87991,-3.1798
+3.88029,-3.77556
+3.88066,-3.68298
+3.88103,-3.57263
+3.88154,-2.92139
+3.88191,-2.83249
+3.88229,-3.35789
+3.88267,-3.94903
+3.88303,-3.77799
+3.88354,-3.31
+3.88391,-3.25393
+3.88428,-2.59741
+3.88466,-2.35301
+3.88503,-2.76602
+3.88553,-2.98982
+3.88591,-2.66297
+3.88629,-2.43764
+3.88666,-1.82209
+3.88716,-1.85056
+3.88754,-1.6483
+3.88791,-1.79897
+3.88829,-1.78665
+3.88866,-1.85476
+3.88905,-1.4184
+3.88954,-1.25443
+3.88991,-1.03729
+3.89029,-0.533704
+3.89067,-0.592987
+3.89103,-0.633358
+3.89154,-0.567801
+3.89191,-0.242537
+3.89229,-0.189231
+3.89266,-0.199809
+3.89303,-0.318166
+3.89354,-0.246514
+3.89391,-0.28788
+3.89429,-0.373457
+3.89467,-0.300118
+3.89505,-0.79895
+3.89554,-0.787523
+3.89591,-0.923997
+3.89629,-1.33534
+3.89667,-1.40337
+3.89703,-1.75717
+3.89754,-1.76232
+3.89792,-1.66842
+3.89829,-1.44789
+3.89867,-1.30685
+3.89903,-0.733835
+3.89954,-0.851214
+3.89991,-0.936618
+3.90029,-0.39405
+3.90066,-0.745308
+3.90103,-0.265841
+3.90154,-0.239236
+3.90191,-0.260882
+3.90229,-0.469107
+3.90267,-0.544374
+3.90303,-0.526425
+3.90354,-0.442083
+3.90391,-0.349172
+3.90429,-0.83511
+3.90466,-0.834145
+3.90504,-0.822054
+3.90554,-0.760604
+3.90593,-0.791685
+3.90629,-1.0874
+3.90667,-1.02912
+3.90716,-1.31563
+3.90754,-1.43474
+3.90791,-1.35968
+3.90831,-1.33658
+3.90897,-0.661774
+3.90921,-0.592546
+3.90954,-1.25902
+3.90991,-1.32367
+3.91029,-0.892051
+3.91067,-1.23527
+3.91103,-1.04343
+3.91154,-1.39201
+3.91191,-1.38806
+3.91229,-0.851268
+3.91267,-0.957481
+3.91303,-0.916525
+3.91354,-0.164461
+3.91391,+0.107646
+3.91429,+0.17766
+3.91468,+0.592033
+3.91503,+0.199511
+3.91554,+0.708437
+3.91591,+0.719465
+3.91629,+0.751519
+3.91666,+0.114477
+3.91703,+0.266888
+3.91766,+0.118476
+3.91795,-0.114199
+3.91829,-0.0946885
+3.91867,-0.00756111
+3.91904,+0.0932711
+3.91956,+0.0718924
+3.91992,+0.10531
+3.92029,+0.0835257
+3.92067,+0.69279
+3.92104,+0.619905
+3.92154,+0.676643
+3.92191,+0.804547
+3.92229,+0.766283
+3.92267,+0.127825
+3.92303,+0.0905853
+3.92354,+0.20983
+3.92391,+0.231199
+3.92429,+0.165099
+3.92467,+0.0072233
+3.92504,-0.112952
+3.92554,-0.137888
+3.92591,-0.189461
+3.92629,-0.675329
+3.92667,-0.196714
+3.92704,+0.336606
+3.92754,+0.348325
+3.92791,-0.132886
+3.9283,-0.214543
+3.92867,-0.06018
+3.92904,+0.108137
+3.92954,+0.193194
+3.92991,+0.425726
+3.93029,+0.981661
+3.93067,+0.935751
+3.93104,+0.75142
+3.93154,+0.197588
+3.93192,+0.702056
+3.93229,+0.746463
+3.93266,+0.634414
+3.93304,+0.496469
+3.93354,+0.487198
+3.93391,-0.166265
+3.93429,-0.24615
+3.93467,-0.658189
+3.93504,-0.562505
+3.93554,-0.596554
+3.93592,-0.714391
+3.93629,-0.728808
+3.93666,-1.09203
+3.93705,-0.9397
+3.93754,-0.933231
+3.93792,-0.365254
+3.93829,-0.321589
+3.93868,+0.227922
+3.93904,+0.484727
+3.93954,+1.06944
+3.93991,+0.665282
+3.94029,+0.395955
+3.94067,+1.00933
+3.94104,+0.880899
+3.94154,+0.900172
+3.94191,+0.861288
+3.94229,+0.824851
+3.94268,+0.947806
+3.94304,+0.63553
+3.94354,+0.559447
+3.94391,+1.00678
+3.94429,+0.94
+3.94467,+0.859908
+3.94504,+0.965738
+3.94554,+1.0209
+3.94592,+1.00605
+3.94629,+0.424368
+3.94667,+0.310703
+3.94704,+0.386358
+3.94754,+0.435295
+3.94792,+0.427063
+3.94829,+0.480907
+3.94866,+0.401408
+3.94904,+0.466268
+3.94954,-0.0439245
+3.94991,-0.126976
+3.95029,+0.377344
+3.95067,+0.405371
+3.95104,+0.432316
+3.95155,+0.00757021
+3.95192,+0.0517272
+3.95229,+0.400649
+3.95266,+0.447124
+3.95304,+0.332723
+3.95354,+0.771673
+3.95392,+0.852024
+3.95429,+0.964647
+3.95467,+0.939189
+3.95504,+0.84506
+3.95554,+1.18758
+3.95592,+1.22094
+3.95639,+1.29671
+3.95668,+0.818835
+3.95704,+0.732381
+3.95754,+0.808952
+3.95792,+0.771458
+3.95829,+0.728894
+3.95867,+0.660518
+3.95904,+0.868478
+3.95955,+0.927409
+3.95992,+0.947113
+3.96029,+0.908051
+3.96067,+1.49438
+3.96104,+1.63774
+3.96154,+0.978395
+3.96192,+1.03539
+3.96229,+1.0742
+3.96267,+1.15756
+3.96304,+1.0547
+3.96354,+0.983102
+3.96393,+0.807654
+3.96429,+0.763187
+3.96493,+0.132039
+3.96518,+0.235593
+3.96548,+0.706492
+3.96617,+0.595549
+3.96647,+0.625437
+3.96692,+0.521082
+3.96717,+0.440099
+3.96755,-0.0770254
+3.96792,-0.48713
+3.96829,-0.921353
+3.96921,-0.785744
+3.96939,-0.799973
+3.96958,-1.15062
+3.96992,-1.06512
+3.97029,-1.05832
+3.97067,-0.930664
+3.97104,-1.39063
+3.97154,-0.850044
+3.97191,-0.789919
+3.97229,-0.815919
+3.97267,-0.320999
+3.97304,-0.912223
+3.97354,-0.484629
+3.97392,-0.999605
+3.97429,-1.0842
+3.97467,-1.2284
+3.97504,-0.658137
+3.97554,-0.636155
+3.97591,-0.0928247
+3.97629,-0.204525
+3.97666,-0.299845
+3.97704,+0.247841
+3.97754,+0.239981
+3.97791,+0.740234
+3.97829,+0.292812
+3.97867,-0.0581576
+3.97904,+0.0687675
+3.97954,+0.16806
+3.97991,-0.402219
+3.98029,-0.105455
+3.98068,-0.137636
+3.98104,-0.160443
+3.98154,-0.0960436
+3.98193,+0.00197945
+3.98229,+0.482355
+3.98267,+0.430154
+3.98304,-0.23134
+3.98355,-0.294277
+3.98392,-0.302113
+3.98431,-0.102615
+3.98467,-0.630681
+3.98504,-0.764245
+3.98554,-0.881042
+3.98592,-0.882295
+3.98629,-0.918107
+3.98667,-0.43967
+3.98704,+0.042821
+3.98754,+0.0609331
+3.98791,-0.0114292
+3.98829,-0.459784
+3.98867,+0.059204
+3.98904,-0.440711
+3.98954,-0.338874
+3.98992,-0.496708
+3.99029,-0.606993
+3.99067,-0.892533
+3.99104,-1.46145
+3.99156,-1.72019
+3.99192,-1.42422
+3.99229,-1.0267
+3.99267,-1.49481
+3.99304,-1.08407
+3.99354,-1.22036
+3.99392,-1.3292
+3.99429,-1.74703
+3.99468,-1.67069
+3.99505,-1.21727
+3.99554,-1.52012
+3.99592,-1.3819
+3.99629,-1.25028
+3.99667,-1.31448
+3.99705,-1.75349
+3.99754,-1.84728
+3.99792,-1.74916
+3.99829,-1.30326
+3.99867,-1.27653
+3.99904,-1.28914
+3.99955,-0.946952
+3.99992,-0.959356
+4.00029,-1.58968
+4.00067,-1.18684
+4.00104,-0.845588
+4.00154,-0.834096
+4.00192,-1.55572
+4.00229,-1.4955
+4.00267,-1.58647
+4.00304,-1.69072
+4.00354,-1.72232
+4.00392,-1.91749
+4.00429,-1.43401
+4.00467,-1.494
+4.00505,-1.53823
+4.00554,-1.59439
+4.00592,-1.19735
+4.00629,-1.58153
+4.00667,-1.67524
+4.00704,-2.32762
+4.00755,-2.42133
+4.00792,-2.49773
+4.00831,-3.12139
+4.01006,-3.22512
+4.01034,-3.25324
+4.01061,-3.4273
+4.0109,-3.45034
+4.01119,-3.97167
+4.01155,-3.91906
+4.01192,-3.29765
+4.0123,-3.35365
+4.01267,-3.72709
+4.01305,-3.30006
+4.01355,-3.35197
+4.01392,-3.7234
+4.01429,-4.32889
+4.01468,-4.29067
+4.01505,-3.68585
+4.01555,-3.77848
+4.01592,-4.4108
+4.0163,-4.45262
+4.01667,-4.08755
+4.01704,-4.66262
+4.01755,-4.68603
+4.01792,-4.7555
+4.01829,-4.19062
+4.01867,-4.07474
+4.01905,-4.20973
+4.01955,-4.26455
+4.01992,-3.78904
+4.02029,-4.26702
+4.02067,-4.20038
+4.02105,-3.60697
+4.02154,-3.67157
+4.02194,-3.70082
+4.0223,-3.71842
+4.02267,-3.92429
+4.02304,-3.86366
+4.02355,-3.89817
+4.02392,-4.42568
+4.0243,-4.47242
+4.02467,-4.60776
+4.02505,-4.83616
+4.02555,-4.82
+4.02592,-5.38098
+4.0263,-5.94123
+4.02668,-5.97543
+4.02705,-5.92043
+4.02742,-6.39511
+4.02792,-5.83417
+4.0283,-5.92798
+4.02867,-5.93869
+4.02905,-5.84076
+4.02955,-6.39208
+4.02992,-5.88846
+4.0303,-5.80122
+4.03067,-5.70547
+4.03105,-5.88006
+4.03155,-5.47297
+4.03192,-5.63409
+4.0323,-5.12302
+4.03267,-5.06268
+4.03305,-5.59189
+4.03342,-5.64094
+4.03392,-5.74842
+4.0343,-5.82006
+4.03467,-6.46423
+4.03505,-7.02634
+4.03555,-6.91662
+4.03592,-6.77154
+4.0363,-6.74774
+4.03667,-6.67838
+4.03705,-6.65657
+4.03755,-6.13183
+4.03792,-6.63328
+4.0383,-6.17523
+4.03868,-5.64555
+4.03905,-5.52067
+4.03957,-5.67981
+4.03992,-5.64255
+4.0403,-5.74884
+4.04067,-5.92178
+4.04105,-5.4308
+4.04155,-6.05443
+4.04192,-5.99342
+4.0423,-5.97347
+4.04268,-5.99735
+4.04304,-6.13679
+4.04355,-6.67319
+4.04392,-6.79487
+4.0443,-6.60411
+4.04467,-6.62654
+4.04505,-6.65697
+4.04542,-6.00827
+4.04592,-5.50879
+4.0463,-5.61087
+4.04668,-5.62677
+4.04705,-4.91797
+4.04742,-4.23366
+4.04792,-4.27152
+4.0483,-4.24169
+4.04867,-4.13877
+4.04905,-4.77883
+4.04942,-5.27581
+4.04992,-5.17002
+4.0503,-5.04949
+4.05068,-4.96183
+4.05105,-5.56111
+4.05155,-6.18959
+4.05192,-6.10434
+4.0523,-6.30747
+4.05267,-6.93605
+4.05305,-6.30674
+4.05355,-5.97038
+4.05392,-6.70247
+4.0543,-7.20713
+4.05468,-7.23812
+4.05505,-6.80768
+4.05555,-6.23948
+4.05592,-6.32245
+4.0563,-6.25999
+4.05667,-5.58021
+4.05705,-6.07088
+4.05742,-6.07563
+4.05793,-5.4889
+4.0583,-5.00998
+4.05879,-4.9718
+4.05906,-4.77916
+4.05942,-4.65455
+4.05992,-4.4628
+4.0603,-4.41572
+4.06067,-4.49793
+4.06105,-4.48386
+4.06155,-4.28028
+4.06193,-4.15741
+4.0623,-4.61779
+4.06268,-4.62588
+4.06305,-4.8139
+4.06342,-4.54487
+4.06392,-4.63971
+4.0643,-4.57119
+4.06468,-4.5523
+4.06505,-4.07406
+4.06542,-4.68594
+4.06592,-4.74847
+4.06631,-4.16545
+4.06668,-4.16928
+4.06706,-3.99438
+4.06755,-4.32095
+4.06792,-4.92677
+4.0683,-4.99577
+4.06867,-4.88614
+4.06905,-4.8414
+4.06942,-4.30837
+4.06993,-4.70194
+4.0703,-4.83184
+4.07068,-4.95707
+4.07161,-5.01656
+4.0721,-4.99966
+4.07228,-4.42282
+4.07246,-4.94579
+4.07268,-5.03804
+4.07305,-5.20756
+4.07342,-5.58176
+4.07393,-5.11444
+4.0743,-5.01638
+4.07468,-4.89122
+4.07505,-5.44168
+4.07555,-6.09586
+4.07592,-6.27787
+4.0763,-6.2863
+4.07667,-6.24698
+4.07734,-6.00227
+4.07753,-5.51081
+4.07792,-5.58869
+4.0783,-5.63551
+4.07867,-5.72369
+4.07905,-5.23124
+4.07942,-4.56646
+4.07992,-4.39255
+4.0803,-3.99505
+4.08067,-4.58513
+4.08106,-5.28368
+4.08155,-5.34492
+4.08192,-5.41254
+4.0823,-5.45076
+4.08268,-5.37718
+4.08306,-5.33309
+4.08342,-5.35736
+4.08392,-5.40688
+4.08431,-5.28111
+4.08468,-4.88514
+4.08505,-4.75178
+4.08542,-4.74278
+4.08593,-4.71616
+4.0863,-4.53894
+4.08668,-4.39548
+4.08705,-4.42396
+4.08742,-4.50272
+4.08793,-4.44145
+4.0883,-4.36694
+4.08867,-4.28596
+4.08905,-3.67986
+4.08942,-3.81999
+4.08993,-3.66171
+4.0903,-3.77948
+4.0908,-4.06732
+4.09106,-4.50965
+4.09155,-4.58652
+4.09193,-4.54958
+4.0923,-4.64612
+4.09267,-5.09204
+4.09305,-5.40478
+4.09342,-5.87179
+4.09394,-6.50949
+4.0943,-6.62841
+4.09468,-6.43612
+4.09505,-5.94918
+4.09542,-5.84512
+4.09592,-6.42322
+4.0963,-6.37907
+4.09667,-5.87092
+4.09706,-5.71143
+4.09742,-5.13324
+4.09793,-4.69865
+4.0983,-4.67365
+4.09868,-4.74197
+4.09905,-5.20071
+4.09942,-5.20833
+4.09994,-4.62552
+4.1003,-4.55942
+4.10067,-4.5204
+4.10106,-4.48463
+4.10155,-4.47709
+4.10193,-4.97628
+4.1023,-4.91811
+4.10268,-4.9732
+4.10305,-5.0154
+4.10342,-5.12536
+4.10392,-5.13874
+4.1043,-5.25262
+4.10468,-5.40963
+4.10505,-5.42672
+4.10542,-5.51097
+4.10593,-4.96622
+4.1063,-4.97665
+4.10669,-4.9481
+4.10705,-5.10215
+4.10742,-5.02475
+4.10793,-5.00496
+4.1083,-4.95893
+4.10867,-4.87664
+4.10905,-4.8188
+4.10942,-4.8635
+4.10993,-4.8931
+4.1103,-4.88933
+4.1107,-4.96136
+4.11106,-4.33573
+4.11156,-4.32532
+4.11193,-4.50245
+4.1123,-4.56208
+4.11268,-4.54647
+4.11308,-4.65056
+4.11342,-4.51907
+4.11393,-4.42402
+4.1143,-4.92213
+4.11468,-4.87603
+4.11505,-4.96051
+4.11542,-4.99585
+4.11593,-4.92874
+4.1163,-4.89218
+4.11668,-4.99841
+4.11705,-5.06638
+4.11742,-5.00766
+4.11793,-5.04005
+4.1183,-4.65114
+4.11868,-4.76174
+4.11905,-4.66663
+4.11942,-5.1764
+4.11993,-5.2163
+4.1203,-5.34572
+4.12068,-5.26358
+4.12118,-5.17943
+4.12155,-5.18801
+4.12193,-5.80557
+4.1223,-5.68083
+4.12268,-5.54179
+4.12305,-5.68032
+4.12342,-5.24016
+4.12393,-5.30224
+4.12432,-5.74069
+4.12468,-6.32758
+4.12505,-6.28514
+4.12543,-6.50806
+4.12593,-6.08123
+4.1263,-6.16471
+4.12668,-6.8721
+4.12706,-6.80663
+4.12742,-7.30952
+4.12793,-7.74394
+4.1283,-7.26936
+4.12868,-7.32088
+4.12906,-7.4759
+4.12942,-7.39968
+4.12993,-7.41167
+4.1303,-7.3642
+4.13068,-6.59003
+4.13106,-6.57219
+4.13155,-6.0701
+4.13193,-6.09545
+4.1323,-6.54798
+4.13268,-5.86447
+4.13307,-5.69914
+4.13343,-5.70868
+4.13393,-6.14381
+4.1343,-6.69087
+4.13468,-6.82921
+4.13506,-6.87861
+4.13542,-6.91798
+4.13593,-6.36951
+4.1363,-5.88602
+4.13668,-6.47137
+4.13706,-6.55386
+4.13743,-7.01749
+4.13793,-6.55323
+4.1383,-5.9505
+4.13868,-5.87621
+4.13906,-6.4147
+4.13942,-6.3294
+4.13993,-6.35531
+4.1403,-6.36485
+4.14068,-5.84545
+4.14106,-5.87387
+4.14156,-5.39499
+4.14195,-5.36757
+4.14231,-5.54036
+4.14268,-5.55537
+4.14305,-4.93151
+4.14343,-4.85117
+4.14393,-5.35261
+4.1443,-5.30229
+4.14468,-5.96082
+4.14506,-5.95106
+4.14542,-5.93354
+4.14593,-6.0328
+4.1463,-6.39999
+4.14668,-6.25055
+4.14706,-6.25365
+4.14743,-6.36519
+4.14793,-6.3527
+4.1483,-6.40082
+4.14868,-5.71339
+4.14906,-6.19154
+4.14942,-6.09411
+4.14993,-5.99367
+4.1503,-6.07011
+4.15068,-6.82555
+4.15106,-6.93383
+4.15156,-6.88595
+4.15193,-6.35033
+4.1523,-6.88615
+4.15268,-6.90929
+4.15306,-6.40206
+4.15342,-6.30742
+4.15393,-6.15161
+4.1543,-6.06876
+4.15468,-5.53149
+4.15505,-5.89454
+4.15543,-5.93688
+4.15593,-6.34391
+4.15631,-5.69631
+4.15668,-5.65705
+4.15705,-5.65984
+4.15743,-5.78946
+4.15793,-6.27061
+4.15831,-6.23953
+4.15868,-7.13416
+4.15906,-6.62425
+4.15943,-6.68885
+4.15993,-6.71851
+4.16066,-7.23772
+4.16094,-7.21044
+4.16113,-7.1157
+4.16157,-6.9849
+4.16193,-7.06856
+4.16231,-7.11071
+4.16269,-6.63088
+4.16306,-6.64635
+4.16343,-6.42962
+4.16393,-6.38011
+4.16431,-5.8398
+4.16468,-5.73909
+4.16506,-5.71164
+4.16543,-6.34439
+4.16593,-5.73592
+4.1663,-5.04852
+4.16668,-4.99903
+4.16706,-5.52184
+4.16743,-6.06654
+4.16793,-5.58612
+4.16831,-6.13406
+4.1687,-6.03447
+4.16906,-5.96782
+4.16943,-5.34723
+4.16993,-5.32948
+4.17031,-5.53055
+4.17069,-4.99318
+4.17106,-4.44854
+4.17156,-4.4097
+4.17193,-4.59831
+4.17231,-3.88527
+4.17268,-4.07111
+4.17306,-3.92777
+4.17401,-4.40907
+4.17419,-4.42024
+4.17438,-4.35429
+4.17468,-4.21874
+4.17505,-4.21001
+4.17543,-3.60951
+4.17593,-3.35685
+4.1763,-3.31954
+4.17668,-3.22393
+4.17705,-3.24735
+4.17744,-2.73271
+4.17793,-2.56676
+4.1783,-2.95821
+4.17868,-2.98133
+4.17905,-2.80372
+4.17942,-2.78369
+4.17993,-2.7069
+4.1803,-2.71381
+4.18081,-2.62967
+4.18106,-2.68329
+4.18156,-2.71625
+4.18206,-2.78543
+4.1823,-2.33882
+4.18268,-2.19037
+4.18305,-2.62954
+4.18343,-2.55627
+4.18393,-2.3206
+4.1843,-2.33559
+4.18469,-2.78803
+4.18506,-2.72541
+4.18543,-2.61229
+4.18593,-2.55959
+4.18631,-2.39435
+4.1867,-2.50009
+4.18706,-2.47362
+4.18743,-3.432
+4.18793,-3.68196
+4.1883,-3.52288
+4.18868,-3.4799
+4.18942,-4.10696
+4.1896,-3.96895
+4.18993,-3.91743
+4.19031,-3.91495
+4.19069,-4.3326
+4.19105,-3.99017
+4.19156,-3.45158
+4.19193,-3.28182
+4.19243,-3.43704
+4.19268,-2.99052
+4.19306,-2.24496
+4.19343,-2.31134
+4.19393,-2.28108
+4.19431,-2.17226
+4.19468,-1.57429
+4.19506,-1.42677
+4.19543,-0.954955
+4.19593,-1.50856
+4.1963,-1.52283
+4.19668,-1.43128
+4.19706,-1.60697
+4.19743,-1.43223
+4.19793,-1.33614
+4.19831,-1.34477
+4.19868,-1.46498
+4.19906,-1.853
+4.19943,-1.74531
+4.19993,-1.01896
+4.20031,-1.38877
+4.20068,-1.31984
+4.20106,-1.15458
+4.20143,-1.24754
+4.20193,-1.28582
+4.20231,-1.19053
+4.20268,-1.0779
+4.20306,-0.462944
+4.20356,-0.498195
+4.20393,-0.650606
+4.2043,+0.0886712
+4.20468,+0.000789509
+4.20506,+0.167356
+4.20543,+0.162355
+4.20593,+0.285318
+4.20631,+0.336076
+4.20668,-0.106038
+4.20706,-0.712843
+4.20743,-1.26045
+4.20793,-1.06879
+4.20831,-1.61846
+4.20868,-1.98396
+4.20906,-2.01864
+4.20943,-2.41637
+4.20993,-2.53835
+4.21031,-2.48572
+4.21068,-1.97956
+4.21106,-1.2962
+4.21143,-0.749501
+4.21193,-0.818645
+4.21231,-0.417283
+4.21289,-0.0122686
+4.21316,+0.0904094
+4.21343,+0.632344
+4.21393,+1.37402
+4.21431,+1.45181
+4.21468,+1.44635
+4.21505,+0.824818
+4.21546,+0.921474
+4.21593,+0.968625
+4.21631,+1.13883
+4.21668,+0.825076
+4.21706,+0.149735
+4.21743,+0.124409
+4.21793,+0.0669508
+4.21831,+0.0089003
+4.21869,-0.581253
+4.21906,-0.107759
+4.21943,-0.0861505
+4.21993,-0.14568
+4.22031,-0.266092
+4.22068,+0.26489
+4.22106,+0.742507
+4.22143,+0.789748
+4.22193,+0.943296
+4.22231,+0.953726
+4.22269,+1.64966
+4.22306,+1.63241
+4.22343,+1.58338
+4.22393,+1.67483
+4.22431,+1.69214
+4.22468,+1.58092
+4.22506,+1.71763
+4.22543,+1.56871
+4.22596,+1.07924
+4.22632,+0.967423
+4.22669,+0.437298
+4.22706,-0.0424898
+4.22743,+0.0167867
+4.22793,-0.136539
+4.22831,-0.652298
+4.22868,-1.17846
+4.22906,-1.22518
+4.22943,-0.995144
+4.22993,-0.478423
+4.23031,-0.935637
+4.23069,-0.53602
+4.23106,+0.0948376
+4.23143,-0.483829
+4.23193,-0.301978
+4.23231,+0.180294
+4.23268,+0.754226
+4.23306,+0.77665
+4.23343,+0.711906
+4.23393,+0.0820991
+4.23431,+0.0733649
+4.23469,+0.0959648
+4.23506,-0.51563
+4.23544,+0.00990963
+4.2358,-0.0747039
+4.23631,-0.506963
+4.23668,-0.531765
+4.23706,-0.955729
+4.23744,-0.951361
+4.23781,-0.467565
+4.23831,+0.196794
+4.23869,+0.143403
+4.23906,+0.711265
+4.23944,+0.806849
+4.23993,+0.801568
+4.24031,+1.20594
+4.24068,+1.16744
+4.24106,+1.01899
+4.24143,+0.909461
+4.24193,+1.09512
+4.24231,+0.927432
+4.24269,+0.343801
+4.24318,-0.309394
+4.24356,-0.329089
+4.24393,-0.400218
+4.24433,-0.368761
+4.24469,-0.338134
+4.24506,+0.224913
+4.24544,+0.299833
+4.24593,+0.164301
+4.24631,+0.172348
+4.24669,+0.901662
+4.24706,+1.4094
+4.24743,+1.40253
+4.24794,+1.46923
+4.24831,+0.913987
+4.24868,+0.830483
+4.24906,+0.767247
+4.24944,+0.34694
+4.24994,+0.372041
+4.25031,+0.440973
+4.25069,-0.218192
+4.25106,-0.114602
+4.25143,-0.271612
+4.25194,-0.38287
+4.25231,+0.0594938
+4.25268,-0.374357
+4.25306,-0.927
+4.25343,-0.626366
+4.25393,-0.669991
+4.25431,-1.26442
+4.25469,-0.698996
+4.25506,-0.755982
+4.25543,-0.670001
+4.25593,-0.628963
+4.25631,-0.523258
+4.25669,-0.00218375
+4.25706,+0.0516455
+4.25743,+0.207796
+4.25793,+0.211515
+4.25831,+0.763221
+4.25869,+0.262202
+4.25906,+0.284889
+4.25943,+0.251044
+4.25994,+0.295923
+4.26031,+0.19373
+4.26068,-0.322442
+4.26106,-0.350097
+4.26143,-0.912106
+4.26194,-0.982042
+4.26231,-1.02115
+4.26281,-0.597647
+4.26319,-0.574527
+4.26343,-0.542014
+4.26395,-0.512908
+4.26431,-0.462429
+4.26469,+0.0845822
+4.26506,+0.644122
+4.26543,+1.10462
+4.26594,+0.552256
+4.26631,+0.717707
+4.26669,+0.345588
+4.26706,+0.28569
+4.26745,+0.432782
+4.26794,-0.144369
+4.26831,-0.0174183
+4.26869,-0.116449
+4.26907,-0.62836
+4.26944,-0.639817
+4.26994,-0.539148
+4.27031,-0.72243
+4.27069,-0.246441
+4.2711,-0.191108
+4.27144,-0.231595
+4.27194,+0.307374
+4.27231,+0.308571
+4.27269,+0.289611
+4.27307,+0.824961
+4.27344,+0.894746
+4.27394,+1.54798
+4.27431,+1.33307
+4.27469,+0.987016
+4.27506,+1.01453
+4.27543,+1.00224
+4.27641,+1.1045
+4.27661,+1.13836
+4.27684,+1.10784
+4.27708,+1.1004
+4.27744,+1.10938
+4.27794,+1.109
+4.27831,+1.27662
+4.27869,+1.73136
+4.27906,+1.62223
+4.27944,+0.972983
+4.27994,+0.306341
+4.28031,-0.366955
+4.28069,-0.315654
+4.28106,-0.300038
+4.28144,-0.458779
+4.28194,-0.553294
+4.28231,-0.488609
+4.28269,-0.626904
+4.28306,-0.59906
+4.28344,-0.171605
+4.28394,+0.404874
+4.28431,+0.906838
+4.28469,+0.93064
+4.28506,+0.345268
+4.28545,+0.295334
+4.28594,-0.332611
+4.28631,-0.295814
+4.28669,-0.219802
+4.28706,-0.184111
+4.28744,-0.0222653
+4.28796,-0.00249878
+4.28832,+0.00291212
+4.28869,-0.141719
+4.28907,+0.493619
+4.28945,+0.665905
+4.28994,+1.20882
+4.29031,+1.098
+4.29069,+0.967962
+4.29106,+0.870743
+4.29144,+0.82192
+4.29194,+0.771325
+4.29231,+0.782341
+4.29269,+0.867642
+4.29307,+0.89873
+4.29356,+0.975849
+4.29394,+1.00462
+4.29431,+1.06941
+4.29469,+0.629574
+4.29506,+0.716041
+4.29545,+0.712036
+4.29594,+0.765625
+4.29631,+0.844631
+4.29669,+0.867505
+4.29706,+0.185498
+4.29744,+0.112403
+4.29781,-0.0150976
+4.29841,-0.737536
+4.29869,-0.898604
+4.29906,-1.00355
+4.29944,-1.13215
+4.29994,-1.82113
+4.30031,-1.95065
+4.30069,-1.89785
+4.30106,-1.39806
+4.30144,-1.42871
+4.30195,-1.35687
+4.30232,-0.601797
+4.30269,-0.0817645
+4.30306,-0.0199714
+4.30345,+0.0517031
+4.30394,+0.567908
+4.30432,+0.552184
+4.30471,+0.460075
+4.30507,+0.440827
+4.30545,+0.335664
+4.30594,-0.234422
+4.30632,-0.333281
+4.30669,-0.839115
+4.30707,-1.33433
+4.30745,-1.40044
+4.30794,-1.33059
+4.30832,-1.91269
+4.30869,-1.9533
+4.30906,-2.15612
+4.30945,-2.24783
+4.30994,-1.66605
+4.31032,-1.71895
+4.31069,-1.15489
+4.31106,-0.904275
+4.31144,-1.55735
+4.31181,-2.28735
+4.31232,-1.75564
+4.31269,-1.97193
+4.31307,-1.94933
+4.31344,-1.93651
+4.31382,-2.03824
+4.31432,-2.58692
+4.31469,-2.7625
+4.31507,-2.75998
+4.31546,-2.66581
+4.31582,-2.15623
+4.31632,-2.86133
+4.31669,-2.92526
+4.31707,-3.04372
+4.31745,-3.1473
+4.31784,-3.21473
+4.31833,-3.30297
+4.3187,-3.77998
+4.31907,-3.76123
+4.31945,-3.91928
+4.31981,-3.96954
+4.32032,-3.48648
+4.32069,-3.5519
+4.32107,-4.0875
+4.32144,-4.18122
+4.32194,-4.35645
+4.32232,-3.97052
+4.3227,-3.58935
+4.32307,-4.21627
+4.32345,-3.81721
+4.32395,-3.96189
+4.32432,-4.06237
+4.32469,-4.65908
+4.32507,-4.22168
+4.32545,-4.30936
+4.32594,-4.30771
+4.32632,-4.40415
+4.3267,-4.91038
+4.32707,-4.38846
+4.32744,-4.3268
+4.32781,-4.25118
+4.32832,-4.2441
+4.32869,-3.66937
+4.32908,-4.17951
+4.32945,-4.19884
+4.32982,-4.82726
+4.33032,-4.80139
+4.3307,-4.38372
+4.33107,-5.05054
+4.33144,-5.73694
+4.33182,-5.89172
+4.33232,-6.43151
+4.33269,-6.56516
+4.33307,-6.27216
+4.33345,-6.28888
+4.33382,-5.89305
+4.33445,-5.88474
+4.3347,-6.05099
+4.33507,-5.55218
+4.33545,-5.02869
+4.33582,-4.95961
+4.33632,-4.47443
+4.33669,-4.91167
+4.33707,-5.29376
+4.33744,-5.37977
+4.33782,-5.13647
+4.33833,-5.23129
+4.3387,-5.66126
+4.33907,-5.67892
+4.33945,-5.55953
+4.33981,-5.67736
+4.34032,-6.16804
+4.34069,-5.77148
+4.34107,-5.80424
+4.34144,-5.74692
+4.34182,-5.99576
+4.34232,-6.59878
+4.3427,-6.16126
+4.34307,-6.18866
+4.34345,-6.44141
+4.34381,-6.55795
+4.34432,-6.19704
+4.34469,-6.0549
+4.34507,-5.60394
+4.34544,-5.70798
+4.34582,-5.64552
+4.34632,-5.11538
+4.34672,-5.14746
+4.34707,-5.29656
+4.34744,-5.153
+4.34782,-5.06562
+4.34832,-5.69728
+4.34869,-6.24244
+4.34907,-6.24294
+4.34944,-6.21951
+4.34982,-6.2692
+4.35032,-6.2207
+4.3507,-6.25069
+4.35107,-6.0531
+4.35144,-6.08622
+4.35182,-6.01305
+4.35232,-5.84607
+4.35269,-5.89326
+4.35307,-5.81798
+4.35345,-6.30165
+4.35382,-6.26897
+4.35432,-6.26933
+4.35472,-6.12069
+4.35508,-6.71044
+4.35545,-6.59245
+4.35582,-6.52167
+4.35632,-5.96734
+4.35669,-5.37066
+4.35707,-5.87321
+4.35744,-5.29075
+4.35782,-5.26001
+4.35832,-5.27654
+4.3587,-5.25668
+4.35907,-4.68011
+4.35944,-4.82995
+4.35982,-4.9679
+4.36032,-5.56138
+4.36069,-5.62385
+4.36107,-5.6076
+4.36144,-6.21182
+4.36182,-6.17719
+4.36232,-6.68281
+4.3627,-6.64397
+4.36307,-6.63942
+4.36344,-7.05026
+4.36382,-7.00797
+4.36432,-6.53221
+4.36482,-6.92048
+4.36537,-6.35559
+4.36561,-5.76205
+4.36583,-5.89809
+4.36634,-5.40195
+4.3667,-5.91894
+4.36707,-5.87402
+4.36745,-5.90689
+4.36782,-5.78572
+4.36832,-6.28224
+4.36869,-5.83641
+4.36907,-5.96782
+4.36945,-6.40611
+4.36982,-6.33893
+4.37032,-6.84395
+4.3707,-6.32146
+4.37107,-6.34772
+4.37171,-6.40065
+4.37197,-6.38534
+4.37232,-5.83437
+4.3727,-5.79874
+4.37307,-5.6397
+4.3735,-5.74893
+4.37382,-6.22398
+4.37432,-5.69567
+4.3747,-5.70776
+4.37507,-5.66186
+4.37545,-5.02563
+4.37582,-5.05679
+4.37632,-5.00887
+4.3767,-5.18429
+4.37707,-5.21911
+4.37745,-4.6419
+4.37782,-3.99914
+4.37881,-4.54676
+4.37899,-4.63297
+4.37917,-4.7453
+4.37945,-5.39527
+4.37982,-5.44165
+4.38032,-5.33751
+4.3807,-5.15469
+4.38108,-5.13364
+4.38145,-5.11257
+4.38195,-5.14828
+4.38232,-4.59614
+4.3827,-4.64413
+4.38307,-4.64811
+4.38345,-4.02357
+4.38382,-4.56075
+4.38432,-4.65934
+4.3847,-4.64481
+4.38507,-5.16926
+4.38546,-5.12323
+4.38582,-5.14395
+4.38632,-5.12786
+4.3867,-5.01734
+4.38707,-4.86881
+4.38746,-4.88855
+4.38782,-4.22875
+4.38833,-4.15878
+4.3887,-4.22332
+4.38908,-3.67163
+4.38945,-3.75676
+4.38982,-3.70121
+4.39035,-3.72025
+4.39071,-3.69555
+4.39108,-4.23404
+4.39147,-4.32202
+4.39182,-4.92049
+4.39233,-4.83237
+4.3927,-4.70582
+4.39308,-4.80592
+4.39345,-4.7033
+4.39384,-4.81073
+4.39432,-4.83549
+4.3947,-5.41523
+4.39508,-4.88176
+4.39546,-5.25112
+4.39582,-4.76686
+4.39633,-4.83006
+4.3967,-4.91915
+4.39707,-4.76354
+4.39745,-5.24373
+4.39782,-5.60464
+4.39832,-5.45024
+4.3987,-4.7946
+4.39908,-5.26493
+4.39945,-5.31842
+4.39982,-5.28241
+4.40033,-5.45558
+4.4008,-5.63674
+4.40108,-5.79954
+4.40146,-5.53708
+4.40182,-5.14778
+4.40233,-5.38548
+4.40271,-5.33048
+4.40308,-4.85969
+4.40345,-4.35566
+4.40382,-4.34014
+4.40433,-4.69526
+4.4047,-4.55895
+4.40508,-4.63172
+4.40545,-4.50009
+4.40582,-4.44365
+4.40633,-4.31116
+4.4067,-4.4502
+4.40708,-4.40777
+4.40745,-4.43165
+4.40782,-4.47982
+4.40832,-3.96427
+4.4087,-3.91384
+4.40908,-3.79842
+4.40946,-3.84733
+4.40982,-3.82584
+4.41033,-3.83633
+4.4107,-3.78582
+4.41108,-3.82184
+4.41145,-3.64821
+4.41182,-3.67543
+4.41233,-3.78811
+4.4127,-3.88533
+4.41307,-4.43014
+4.41345,-4.88882
+4.41382,-5.3409
+4.41433,-5.30777
+4.41471,-5.91996
+4.41508,-6.06238
+4.41545,-6.68882
+4.41582,-6.60583
+4.41633,-6.51631
+4.4167,-6.41031
+4.41708,-6.39065
+4.41745,-5.87749
+4.41784,-5.47538
+4.41833,-5.38594
+4.41871,-4.89003
+4.41908,-4.80814
+4.41946,-4.27019
+4.41983,-4.31752
+4.42035,-4.35184
+4.42071,-4.43562
+4.42108,-3.87346
+4.42146,-3.993
+4.42183,-3.9622
+4.42233,-4.13269
+4.4227,-4.63542
+4.42308,-4.81037
+4.42346,-4.97291
+4.42382,-4.96811
+4.42433,-5.01937
+4.4247,-5.03718
+4.42508,-5.11805
+4.42558,-4.98072
+4.42583,-5.45308
+4.42633,-5.88918
+4.42671,-5.82392
+4.42708,-5.70833
+4.42746,-5.68772
+4.42783,-5.66921
+4.42833,-6.16639
+4.4287,-6.23393
+4.42908,-6.27309
+4.42945,-6.52163
+4.42983,-6.08052
+4.43033,-6.19311
+4.43071,-5.80129
+4.43108,-6.29512
+4.43147,-6.26059
+4.43183,-6.7773
+4.43233,-6.33587
+4.4327,-6.19798
+4.43308,-6.17839
+4.43346,-6.60056
+4.43383,-6.67116
+4.43433,-6.16101
+4.43471,-6.70285
+4.43508,-6.34693
+4.43546,-6.36158
+4.43583,-5.8477
+4.43663,-5.72101
+4.43686,-5.79521
+4.4371,-5.78805
+4.43746,-5.16845
+4.43783,-5.0943
+4.43833,-5.05553
+4.43871,-4.43625
+4.43908,-4.30667
+4.43946,-4.26017
+4.43983,-4.3844
+4.44033,-4.42994
+4.44071,-4.35033
+4.44108,-4.72721
+4.44146,-4.69945
+4.44183,-4.77166
+4.44233,-4.82488
+4.44271,-4.8459
+4.44308,-4.76463
+4.44346,-4.78415
+4.44383,-4.75869
+4.44433,-4.95719
+4.44471,-5.03863
+4.44508,-4.66547
+4.44558,-4.77214
+4.44584,-4.75308
+4.44633,-4.7294
+4.44671,-4.7894
+4.44708,-4.96782
+4.44745,-4.9564
+4.44783,-4.93012
+4.44833,-4.78673
+4.44871,-4.91887
+4.4491,-4.96196
+4.44946,-4.95361
+4.44983,-4.92774
+4.45036,-4.77387
+4.45071,-5.16964
+4.45108,-5.05321
+4.45146,-5.09744
+4.45183,-5.15882
+4.45233,-5.2056
+4.45271,-5.04641
+4.45308,-5.08303
+4.45346,-5.06732
+4.45383,-5.11258
+4.45433,-5.28201
+4.45471,-4.85806
+4.45508,-4.92317
+4.45546,-4.95091
+4.45583,-4.99561
+4.45633,-4.91077
+4.45671,-4.99835
+4.45708,-5.02787
+4.45746,-5.62984
+4.45783,-5.56944
+4.45833,-5.60588
+4.45871,-5.67236
+4.45908,-5.58701
+4.45946,-5.59507
+4.45983,-6.01423
+4.46033,-5.92447
+4.46071,-5.88512
+4.46108,-5.84303
+4.46146,-5.31323
+4.46183,-5.8192
+4.46233,-5.61292
+4.46271,-5.67401
+4.46308,-5.80294
+4.46346,-6.33448
+4.46383,-6.37997
+4.46433,-6.52273
+4.46471,-6.64979
+4.46508,-6.72093
+4.46546,-6.71214
+4.46583,-6.23623
+4.46633,-6.34277
+4.46671,-6.22952
+4.46708,-6.17601
+4.46746,-5.69284
+4.46783,-5.10012
+4.46838,-5.0389
+4.46871,-4.96783
+4.46908,-4.84964
+4.46946,-4.81169
+4.46983,-4.97887
+4.47033,-5.07493
+4.47071,-4.98219
+4.47108,-4.84487
+4.47147,-4.76326
+4.47183,-4.74696
+4.47234,-4.83142
+4.47271,-4.76516
+4.47308,-4.8846
+4.47346,-4.84403
+4.47383,-4.75518
+4.47434,-4.73573
+4.47471,-4.85725
+4.47508,-4.98097
+4.47546,-4.91705
+4.47597,-4.95124
+4.47634,-4.83508
+4.47672,-4.7837
+4.47709,-4.71528
+4.47746,-4.74878
+4.47783,-4.74408
+4.47833,-4.59245
+4.47871,-4.39513
+4.47908,-4.44081
+4.47946,-4.46685
+4.47983,-4.55756
+4.48033,-4.39878
+4.48121,-4.35042
+4.48139,-4.78189
+4.48157,-4.77921
+4.48183,-4.69008
+4.48233,-4.62007
+4.48271,-4.70477
+4.48308,-4.45858
+4.48346,-4.40997
+4.48383,-4.81865
+4.48433,-5.00402
+4.48471,-4.96157
+4.48508,-4.46414
+4.48546,-4.36388
+4.48583,-4.30793
+4.48633,-4.34259
+4.48671,-4.85439
+4.48708,-5.45569
+4.48746,-5.43538
+4.48783,-4.75453
+4.48833,-4.6361
+4.4887,-4.62361
+4.48908,-4.47131
+4.48946,-4.4455
+4.48983,-4.3377
+4.49033,-4.41903
+4.49071,-3.87288
+4.49108,-3.74833
+4.49146,-3.72078
+4.49183,-4.36597
+4.49233,-4.34954
+4.49273,-4.32477
+4.49309,-4.35078
+4.49346,-4.84321
+4.49385,-4.81501
+4.49433,-4.63958
+4.49471,-4.51132
+4.49508,-4.03914
+4.49546,-3.96128
+4.49583,-3.28837
+4.49633,-3.25811
+4.49671,-3.14431
+4.49708,-3.56942
+4.49746,-3.01499
+4.49783,-3.03433
+4.49833,-2.93269
+4.49871,-2.93822
+4.49908,-3.41686
+4.49946,-3.37613
+4.49983,-3.3144
+4.50033,-3.63199
+4.50071,-4.13669
+4.50108,-3.60812
+4.50146,-3.59566
+4.50183,-3.45344
+4.50233,-3.48816
+4.50271,-3.42908
+4.50311,-2.88943
+4.50347,-3.39373
+4.50383,-3.47163
+4.50433,-3.14404
+4.50471,-2.55488
+4.50508,-2.49372
+4.50546,-2.2447
+4.50584,-2.16762
+4.50635,-2.02653
+4.50672,-1.97574
+4.50708,-1.80637
+4.50746,-1.20363
+4.50783,-1.05465
+4.50833,-0.838083
+4.50871,-0.730904
+4.50908,-0.67255
+4.50948,-0.684688
+4.50983,-0.84569
+4.51033,-1.38265
+4.51071,-1.26594
+4.51108,-1.3117
+4.51146,-1.21329
+4.51183,-1.11644
+4.51233,-1.11188
+4.51271,-1.26903
+4.51309,-1.55602
+4.51346,-1.52179
+4.51384,-1.32925
+4.51434,-0.927657
+4.51471,-0.977871
+4.51508,-0.854266
+4.51546,-0.845261
+4.51584,-1.33675
+4.51634,-1.21586
+4.51671,-1.0332
+4.51708,-0.613882
+4.51746,-0.605537
+4.51783,-0.45241
+4.51834,-0.295137
+4.51871,-0.10149
+4.51908,-0.0982201
+4.51946,-0.521927
+4.51983,+0.0296377
+4.52035,-0.0591469
+4.52071,-0.0987285
+4.52109,-0.521422
+4.52146,-1.02469
+4.52183,-1.61231
+4.52233,-1.46846
+4.52273,-1.49297
+4.52309,-1.30083
+4.52346,-0.696825
+4.52384,-0.658828
+4.52433,-0.547415
+4.52471,-0.675504
+4.52509,-0.204549
+4.52546,+0.357593
+4.52584,+0.446527
+4.52634,+0.334275
+4.52672,+0.357263
+4.52708,-0.31021
+4.52746,-0.415201
+4.52784,-1.00282
+4.52834,-1.03669
+4.52871,-0.727116
+4.52909,-0.719331
+4.52955,-0.695233
+4.52987,-0.222818
+4.53034,-0.113611
+4.53072,-0.156949
+4.53109,+0.45473
+4.53147,+0.551838
+4.53184,+0.674608
+4.53234,+0.696316
+4.53271,+0.494864
+4.53309,+0.51971
+4.53346,+0.489693
+4.53386,+0.531067
+4.53434,+0.628564
+4.53472,+0.694976
+4.53509,+0.749391
+4.53546,+0.714714
+4.53584,+1.30652
+4.53634,+1.45941
+4.53671,+1.1605
+4.53709,+1.20144
+4.53746,+1.31218
+4.53783,+1.36409
+4.53834,+1.30117
+4.53871,+1.39619
+4.53909,+1.29088
+4.53946,+1.37572
+4.53987,+1.38461
+4.54037,+1.42742
+4.54071,+1.95721
+4.54109,+2.10785
+4.54147,+2.11494
+4.54183,+2.03259
+4.54234,+2.13155
+4.54272,+2.02265
+4.5431,+2.12541
+4.54347,+2.19065
+4.54384,+2.20182
+4.54434,+1.62703
+4.54471,+1.65801
+4.54509,+1.47157
+4.54546,+1.55259
+4.54584,+1.70508
+4.54634,+1.62124
+4.54672,+1.72067
+4.54709,+1.70686
+4.54746,+1.06298
+4.54784,+0.967072
+4.54834,+0.978522
+4.54871,+0.966284
+4.54909,+0.533815
+4.54946,+0.525997
+4.54984,+0.511808
+4.55021,+0.486574
+4.55072,-0.104826
+4.55109,-0.0437417
+4.55149,+0.495277
+4.55184,+0.0193228
+4.55221,+0.522467
+4.55271,+0.00500768
+4.55309,+0.525731
+4.55346,+0.4449
+4.55384,+0.434034
+4.55434,+0.408677
+4.55472,+1.03931
+4.55509,+0.961446
+4.55546,+1.0188
+4.55584,+1.2671
+4.55634,+0.805921
+4.55671,+1.19272
+4.55709,+0.808072
+4.55747,+0.851532
+4.55785,+0.872476
+4.55834,+1.00203
+4.55872,+0.957743
+4.55912,+1.07007
+4.55947,+0.508776
+4.55984,+0.804291
+4.56021,+1.36612
+4.56071,+1.46973
+4.56109,+1.40567
+4.56147,+1.48696
+4.56184,+1.00733
+4.56221,+0.968371
+4.56272,+1.05776
+4.56309,+1.04425
+4.56346,+1.56888
+4.56384,+1.58204
+4.56421,+1.0682
+4.56471,+0.488513
+4.56509,+0.375098
+4.56546,+0.215193
+4.56584,+0.736685
+4.56634,+0.75412
+4.56672,+0.608273
+4.56709,+0.565909
+4.56746,+0.552406
+4.56783,+0.54952
+4.56834,+0.901002
+4.56871,+0.879748
+4.56909,+1.61629
+4.56947,+1.69373
+4.56984,+1.58194
+4.57021,+1.13438
+4.57078,+1.2348
+4.57109,+1.33904
+4.57147,+1.41796
+4.57185,+1.53246
+4.57221,+1.66235
+4.57271,+2.19665
+4.57309,+2.06044
+4.57347,+1.52946
+4.57384,+1.03369
+4.57421,+1.41569
+4.57472,+1.40044
+4.57509,+1.33327
+4.57546,+1.36732
+4.57584,+1.25197
+4.57634,+1.15259
+4.57672,+1.19185
+4.57709,+1.24806
+4.5776,+1.73143
+4.57785,+2.24002
+4.57821,+2.27517
+4.57873,+2.31388
+4.57909,+2.26129
+4.57947,+2.19945
+4.57984,+2.27992
+4.58021,+2.40788
+4.58072,+2.60929
+4.58109,+2.53486
+4.58147,+2.53673
+4.58184,+2.59415
+4.58221,+2.61184
+4.58272,+2.53246
+4.58361,+2.59901
+4.58379,+2.11131
+4.58399,+1.96886
+4.58425,+1.85427
+4.58472,+1.72054
+4.58509,+1.72926
+4.58547,+1.8054
+4.58584,+1.81612
+4.58621,+1.87266
+4.58672,+1.29534
+4.58709,+1.32694
+4.58747,+1.82769
+4.58785,+2.01392
+4.58821,+1.99013
+4.58872,+1.98136
+4.58909,+2.01161
+4.58947,+1.51913
+4.58984,+1.51214
+4.59021,+1.37598
+4.59072,+1.51785
+4.59109,+1.43852
+4.59147,+0.867698
+4.59184,+0.791751
+4.59221,+0.326906
+4.59272,+0.360484
+4.59309,+0.367825
+4.59347,+0.793299
+4.59384,+0.903974
+4.59421,+0.965886
+4.59472,+0.888387
+4.59509,+0.912873
+4.59547,+1.47028
+4.59585,+1.46042
+4.59624,+1.89336
+4.59672,+1.82838
+4.59709,+1.32645
+4.59747,+1.41947
+4.59785,+0.876846
+4.59837,+0.944545
+4.59874,+1.58989
+4.59909,+1.53415
+4.59947,+1.4887
+4.59984,+1.45113
+4.60022,+1.50015
+4.60072,+1.55044
+4.60109,+2.04744
+4.60147,+1.53404
+4.60185,+1.87015
+4.60222,+1.87928
+4.60272,+1.66999
+4.60309,+1.7675
+4.60347,+1.8422
+4.60384,+1.74873
+4.60422,+1.88319
+4.60472,+1.82079
+4.60509,+1.62285
+4.60547,+1.99105
+4.60586,+2.03731
+4.60622,+1.93923
+4.60672,+1.97044
+4.60709,+1.9298
+4.60747,+1.90747
+4.60797,+2.09448
+4.60835,+2.01875
+4.60872,+2.04591
+4.6091,+2.25471
+4.60947,+2.34459
+4.60985,+1.81279
+4.61021,+1.86042
+4.61073,+1.70455
+4.6111,+1.65941
+4.61147,+1.14914
+4.61184,+1.04527
+4.61222,+0.889435
+4.61272,+0.816296
+4.61309,+0.738025
+4.61347,+0.368942
+4.61384,-0.056027
+4.61422,-0.706065
+4.61472,-0.513975
+4.61534,-0.55042
+4.61552,+0.0209538
+4.61585,-0.0530174
+4.61622,+0.170929
+4.61672,+0.167959
+4.61709,-0.363731
+4.61747,-0.0120404
+4.61784,+0.1656
+4.61822,+0.781202
+4.61872,+0.735692
+4.61909,+0.0601299
+4.61947,-0.62543
+4.61984,-0.581852
+4.62022,-0.81057
+4.62072,-0.841734
+4.62109,-0.381831
+4.62147,-0.381837
+4.62185,-0.381404
+4.62222,-0.525733
+4.62272,-0.577085
+4.62309,+0.0194263
+4.62347,+0.622905
+4.62384,-0.0430394
+4.62422,-0.0656639
+4.62472,-0.163686
+4.62512,-0.263232
+4.62547,-0.36112
+4.62585,-0.39798
+4.62622,-0.432565
+4.62672,-0.655039
+4.62709,-0.760796
+4.62747,-1.47814
+4.62797,-0.948754
+4.62822,-1.06065
+4.62872,-1.09146
+4.62909,-1.03254
+4.62947,-1.01273
+4.62985,-1.59481
+4.63022,-1.5198
+4.63072,-2.11033
+4.6311,-2.61715
+4.63147,-2.04459
+4.63185,-2.02416
+4.63222,-2.03778
+4.63272,-1.94599
+4.63309,-2.03309
+4.63347,-2.0956
+4.63385,-1.63043
+4.63422,-1.67814
+4.63472,-1.01373
+4.63509,-0.371095
+4.63547,-0.434621
+4.63585,-0.525244
+4.63623,-0.448302
+4.63672,-0.689619
+4.6371,-0.730604
+4.63747,-0.843164
+4.63785,-0.86509
+4.63835,-1.08247
+4.63872,-1.32584
+4.63909,-1.49241
+4.63947,-2.03747
+4.63984,-2.32379
+4.64022,-1.3109
+4.64072,-0.0268967
+4.64262,+1.02903
+4.64287,+2.27148
+4.64314,+3.54611
+4.64347,+4.75124
+4.64385,+6.09123
+4.64422,+7.20252
+4.64472,+8.87531
+4.64509,+10.0725
+4.64547,+10.0904
+4.64585,+10.1022
+4.64622,+10.2001
+4.64672,+10.0437
+4.64709,+9.83489
+4.64747,+9.88364
+4.64785,+9.73099
+4.64822,+9.71922
+4.64872,+9.68751
+4.6491,+9.82087
+4.64947,+9.74799
+4.64985,+9.30636
+4.65022,+9.21398
+4.65072,+9.20056
+4.65109,+9.31863
+4.65147,+9.21141
+4.65185,+9.26496
+4.65222,+9.23892
+4.65272,+9.2095
+4.6531,+9.1768
+4.65347,+9.16291
+4.65387,+8.99963
+4.65422,+4.06567
+4.65472,+4.01554
+4.6551,+3.77048
+4.65547,+3.30401
+4.65584,+3.33865
+4.65622,+3.3416
+4.65672,+3.3628
+4.6571,+3.30257
+4.65747,+3.2086
+4.65785,+3.58257
+4.65835,+8.453
+4.65874,+8.51489
+4.6591,+8.73819
+4.65947,+9.24114
+4.65984,+9.1405
+4.66022,+8.62971
+4.66072,+8.57625
+4.6611,+8.57517
+4.66147,+8.62948
+4.66185,+8.60116
+4.66222,+8.13298
+4.66273,+8.06332
+4.6631,+8.01883
+4.66347,+2.98886
+4.66384,+2.90346
+4.66422,+3.26903
+4.66472,+3.20792
+4.6651,+3.22392
+4.66547,+3.11488
+4.66585,+3.13062
+4.66622,+3.57974
+4.66672,+1.9402
+4.6671,+1.87563
+4.66747,+6.20599
+4.66785,+6.28883
+4.66822,+6.34106
+4.66885,+6.34324
+4.6691,+6.28714
+4.66947,+6.34749
+4.66984,+6.37577
+4.67022,+6.2813
+4.67073,+7.90441
+4.6711,+7.79037
+4.67147,+8.43348
+4.67184,+8.40262
+4.67235,+8.34332
+4.67272,+8.46547
+4.67318,+7.9316
+4.67348,+7.96482
+4.67385,+7.87442
+4.67422,+7.90831
+4.67473,+7.95373
+4.6751,+8.04378
+4.67547,+8.16264
+4.67585,+8.10215
+4.67622,+8.03796
+4.67672,+7.96802
+4.6771,+8.52849
+4.67747,+8.55026
+4.67785,+8.63233
+4.67822,+8.70155
+4.67874,+8.67335
+4.6791,+8.74723
+4.67947,+8.6135
+4.67985,+8.75931
+4.68035,+8.80117
+4.68073,+8.29895
+4.6811,+8.31249
+4.68161,+8.41417
+4.68185,+8.4277
+4.68222,+8.55679
+4.68273,+8.59678
+4.6831,+8.22341
+4.68348,+8.16456
+4.68385,+7.76319
+4.68422,+7.99302
+4.68472,+8.3876
+4.6851,+8.48504
+4.68601,+8.36041
+4.68627,+3.6194
+4.68645,+3.58554
+4.68677,+3.23516
+4.68714,+3.48859
+4.68752,+3.43968
+4.68788,+3.87881
+4.68826,+3.41571
+4.68879,+3.2296
+4.68915,+3.11759
+4.68951,+3.75768
+4.6899,+8.57225
+4.69027,+8.53716
+4.69078,+9.02841
+4.69115,+9.09284
+4.69152,+9.19222
+4.69188,+7.17477
+4.69227,+7.56479
+4.69278,+7.91167
+4.69314,+8.0412
+4.69352,+7.50155
+4.69389,+7.44048
+4.69427,+7.34356
+4.69477,+6.69793
+4.69514,+6.28263
+4.69553,+6.3474
+4.69591,+8.41993
+4.69628,+8.46914
+4.69678,+8.52618
+4.69714,+8.58353
+4.69752,+8.5728
+4.6979,+8.568
+4.69827,+8.67721
+4.69878,+9.20186
+4.69927,+9.58373
+4.69951,+9.57483
+4.69988,+9.50259
+4.70024,+9.38701
+4.70076,+9.3201
+4.70114,+9.28436
+4.70151,+9.22536
+4.7019,+9.23994
+4.70227,+9.24858
+4.70278,+9.2812
+4.70313,+9.54848
+4.70352,+9.60328
+4.70387,+9.67589
+4.70427,+9.75749
+4.70479,+9.24973
+4.70515,+9.14287
+4.70552,+8.77063
+4.7059,+8.80783
+4.70627,+8.34097
+4.70678,+8.33631
+4.70715,+7.90444
+4.70752,+7.73437
+4.70793,+8.22772
+4.70826,+7.70755
+4.70875,+8.24853
+4.70913,+8.2256
+4.7095,+3.8258
+4.70988,+3.68004
+4.71027,+4.11296
+4.71077,+4.17958
+4.71116,+4.55745
+4.71151,+4.71622
+4.7119,+4.2139
+4.71226,+4.78317
+4.71278,+4.8485
+4.71314,+4.83228
+4.71352,+9.62565
+4.71389,+9.68904
+4.71432,+9.8546
+4.71478,+9.65228
+4.71514,+9.4986
+4.71552,+9.54034
+4.71589,+9.46527
+4.71626,+9.47793
+4.71678,+9.32582
+4.71715,+9.48622
+4.71753,+8.21332
+4.7179,+8.2922
+4.71827,+8.17067
+4.71878,+8.35612
+4.71915,+7.97281
+4.71952,+7.86238
+4.71989,+8.00193
+4.72026,+7.89806
+4.72075,+7.93242
+4.72113,+7.94289
+4.7215,+9.39023
+4.72188,+9.34941
+4.72227,+8.0078
+4.72277,+6.6688
+4.72315,+5.90073
+4.72351,+4.69608
+4.72389,+3.45143
+4.72426,+2.32615
+4.72478,+1.07387
+4.72523,-0.362212
+4.72554,-1.79402
+4.72589,-3.02652
+4.72628,-3.12897
+4.72678,-3.01657
+4.72713,-3.06429
+4.72762,-3.12246
+4.72791,-3.20144
+4.72826,-3.83872
+4.72878,-3.85498
+4.72916,-4.43623
+4.72952,-4.49556
+4.7299,-4.45588
+4.73027,-4.82374
+4.73078,-4.85643
+4.73115,-4.88642
+4.73153,-4.85355
+4.7319,-4.97894
+4.73226,-4.4822
+4.73276,-4.36148
+4.73313,-3.73066
+4.7335,-3.63734
+4.73388,-3.70438
+4.73427,-3.09717
+4.73478,-3.11893
+4.73514,-3.06223
+4.73551,-3.08309
+4.7359,-3.01848
+4.73627,-2.94765
+4.73678,-2.88949
+4.73715,-2.8054
+4.73752,-2.79603
+4.7379,-2.65988
+4.73826,-2.74281
+4.73878,-2.73988
+4.73914,-2.71559
+4.73952,-2.69394
+4.7399,-2.62563
+4.74028,-2.69703
+4.74078,-2.85665
+4.74115,-3.53245
+4.74153,-3.51693
+4.7419,-3.60693
+4.74228,-3.61187
+4.74278,-3.64157
+4.74315,-3.75207
+4.74351,-3.85388
+4.74389,-4.02748
+4.74425,-3.93962
+4.74476,-4.58531
+4.74514,-3.90715
+4.74552,-3.94622
+4.74588,-3.97419
+4.74623,-3.99735
+4.74674,-3.90229
+4.74711,-4.42742
+4.74748,-4.34713
+4.74786,-4.34838
+4.74823,-4.42954
+4.74873,-3.84638
+4.74911,-3.89468
+4.74949,-4.51495
+4.74986,-4.48024
+4.75023,-5.0246
+4.75074,-5.70504
+4.75111,-5.21894
+4.75148,-5.28157
+4.75186,-5.20027
+4.75223,-5.08867
+4.75274,-5.05867
+4.75311,-5.05046
+4.75348,-4.39315
+4.75386,-4.38698
+4.75423,-3.83585
+4.75474,-3.80868
+4.75511,-4.4071
+4.75549,-4.237
+4.75586,-4.20628
+4.75625,-4.39365
+4.75674,-4.39263
+4.75711,-4.55918
+4.75749,-5.21659
+4.75786,-5.20879
+4.75823,-5.74613
+4.75874,-5.2981
+4.75911,-4.73851
+4.75948,-4.90696
+4.75998,-4.91746
+4.76036,-5.4368
+4.76073,-5.44752
+4.76111,-5.29544
+4.76148,-5.24279
+4.76186,-5.37156
+4.76223,-4.92473
+4.76274,-4.82188
+4.76311,-4.66892
+4.76348,-4.61226
+4.76386,-4.69434
+4.76423,-4.21137
+4.76473,-4.78892
+4.76511,-4.93986
+4.76548,-4.99872
+4.76586,-4.94074
+4.76623,-4.90745
+4.76674,-4.8962
+4.76711,-4.92644
+4.76749,-4.90457
+4.76786,-4.86802
+4.76823,-4.92819
+4.76874,-4.45708
+4.76911,-4.45133
+4.76949,-3.91524
+4.76986,-4.0605
+4.77023,-4.65321
+4.77074,-4.81517
+4.77111,-4.97499
+4.77149,-5.18532
+4.77186,-5.28522
+4.77223,-5.1824
+4.77274,-5.19792
+4.77311,-5.10989
+4.77349,-5.10399
+4.77386,-5.01549
+4.77423,-4.53208
+4.77474,-4.37676
+4.77511,-4.3338
+4.77558,-4.11884
+4.77586,-4.06996
+4.77624,-4.08639
+4.77674,-3.99714
+4.77711,-4.05931
+4.77749,-4.09062
+4.77786,-4.05489
+4.77823,-4.00096
+4.77874,-4.08016
+4.77911,-4.05095
+4.77949,-4.7619
+4.77986,-4.82721
+4.78024,-4.77275
+4.78074,-4.86913
+4.78111,-4.82426
+4.78149,-4.78676
+4.78186,-4.86694
+4.78224,-4.85101
+4.78274,-4.82479
+4.78314,-4.80334
+4.78349,-4.20751
+4.78387,-4.07005
+4.78424,-4.13808
+4.78474,-3.96479
+4.78511,-3.81778
+4.78549,-3.78423
+4.78586,-4.27039
+4.78624,-4.28039
+4.78674,-4.00525
+4.78711,-3.97421
+4.78749,-3.85066
+4.78842,-3.75164
+4.78866,-3.77667
+4.78883,-3.8388
+4.78911,-4.08363
+4.78948,-4.72978
+4.78986,-4.05581
+4.79049,-3.95137
+4.79074,-4.18455
+4.79111,-4.08341
+4.79149,-4.11857
+4.79186,-4.17467
+4.79223,-4.07499
+4.79273,-4.69209
+4.79311,-4.60521
+4.79348,-4.02537
+4.79386,-4.09683
+4.79424,-4.09354
+4.79474,-4.18983
+4.79511,-4.27394
+4.79549,-4.24749
+4.79586,-4.31601
+4.79624,-4.32564
+4.79673,-3.6106
+4.79711,-3.51699
+4.79748,-3.44062
+4.79786,-3.4393
+4.79824,-3.3934
+4.79874,-3.27564
+4.79911,-3.29647
+4.79949,-3.81894
+4.79992,-3.72973
+4.80024,-3.69312
+4.80074,-3.77805
+4.80112,-3.69278
+4.80149,-3.6313
+4.80186,-3.49414
+4.80224,-3.43125
+4.80274,-3.43206
+4.80311,-3.35421
+4.8035,-2.79317
+4.80386,-2.79041
+4.80424,-2.81582
+4.80474,-2.72043
+4.80511,-2.722
+4.80549,-2.67416
+4.80586,-2.76898
+4.80623,-2.69703
+4.80677,-2.57211
+4.80714,-2.56449
+4.8075,-2.51204
+4.80786,-2.56462
+4.80824,-2.5567
+4.80861,-3.08273
+4.80911,-3.13649
+4.80949,-3.26911
+4.80986,-3.36851
+4.81043,-3.50565
+4.81074,-3.63467
+4.81111,-3.80146
+4.81149,-3.89009
+4.81186,-4.28869
+4.81224,-4.14419
+4.81261,-3.60799
+4.81311,-3.53975
+4.81349,-3.4251
+4.81387,-3.41309
+4.81424,-3.36925
+4.81461,-3.30988
+4.81511,-3.0302
+4.81549,-2.91675
+4.81586,-2.44393
+4.81625,-2.38873
+4.81674,-2.2361
+4.81711,-2.74526
+4.81749,-3.25961
+4.81786,-3.13704
+4.81824,-3.15219
+4.81874,-3.047
+4.81911,-2.90023
+4.81949,-2.85803
+4.81986,-2.71585
+4.82026,-2.6916
+4.82074,-2.7017
+4.82111,-2.12621
+4.82149,-1.43793
+4.82186,-1.32677
+4.82224,-1.17086
+4.82261,-1.17113
+4.82311,-1.12262
+4.82349,-1.25362
+4.82386,-1.20831
+4.82425,-1.19116
+4.82474,-1.74581
+4.82511,-1.74663
+4.82549,-1.61533
+4.82586,-1.52244
+4.82624,-1.45065
+4.82674,-1.42999
+4.82723,-1.35955
+4.82749,-1.20791
+4.82786,-1.21293
+4.82824,-1.18261
+4.82861,-0.494076
+4.82911,-0.518556
+4.82949,-0.616486
+4.82988,-0.741378
+4.83024,-1.39744
+4.83075,-1.25879
+4.83111,-1.25897
+4.83149,-1.04304
+4.83186,-0.942564
+4.83224,-0.842882
+4.83261,-0.878527
+4.83311,-0.813512
+4.83349,-0.919216
+4.83386,-0.828262
+4.83424,-0.0752925
+4.83474,-0.0927601
+4.83511,-0.732611
+4.83549,-0.707505
+4.83586,-1.27627
+4.83624,-1.23027
+4.83661,-1.24223
+4.83711,-1.03082
+4.83749,-0.875181
+4.83786,-0.745923
+4.83824,-0.740592
+4.83861,-0.705842
+4.83911,-0.0331722
+4.83949,+0.0327599
+4.83987,+0.599354
+4.84025,+0.503357
+4.84074,+0.509873
+4.84113,+0.359517
+4.84149,+0.470135
+4.84186,+0.423665
+4.84224,+0.449895
+4.84262,+0.490174
+4.84311,+0.455456
+4.84349,+0.355238
+4.84386,+0.360428
+4.84424,+0.381147
+4.84461,-0.170879
+4.84511,-0.045172
+4.84549,-0.195186
+4.84586,-0.126431
+4.84624,-0.0814499
+4.84661,-0.0561529
+4.84711,+0.083519
+4.84749,+0.00677258
+4.84787,+0.0366181
+4.84824,+0.0724029
+4.84861,+0.687952
+4.84911,+0.680442
+4.84949,+0.859749
+4.84987,+0.774705
+4.85024,+0.720139
+4.85062,+0.750349
+4.85124,+0.679302
+4.85149,+0.244932
+4.85186,+0.226165
+4.85224,+0.233034
+4.85261,+0.333019
+4.85312,+0.386768
+4.85349,+0.377322
+4.85387,-0.0530878
+4.85424,+0.0298681
+4.85462,+0.0397314
+4.85511,+0.0492451
+4.85549,+0.618983
+4.85587,+0.737592
+4.85624,+0.894103
+4.85661,+0.985014
+4.85712,+1.08205
+4.85749,+1.21766
+4.85787,+1.8661
+4.85824,+1.84458
+4.85864,+1.89554
+4.85912,+1.99544
+4.85949,+1.53894
+4.85987,+1.03635
+4.86025,+0.379001
+4.86061,+0.180083
+4.86112,+0.105898
+4.86149,+0.0767259
+4.86187,+0.125551
+4.86224,+0.0149273
+4.86262,+0.0371821
+4.86313,-0.606828
+4.86349,-0.064301
+4.86386,+0.315355
+4.86424,+0.924359
+4.86461,+0.997193
+4.86512,+0.951257
+4.86549,+0.809887
+4.86587,+0.769883
+4.86624,+0.790784
+4.86661,+0.671446
+4.86712,+1.15727
+4.86749,+1.1026
+4.86787,+1.14863
+4.86824,+1.18752
+4.86861,+1.13749
+4.86911,+0.629888
+4.86949,+0.6129
+4.86987,+0.512851
+4.87024,+0.657204
+4.87064,+0.765703
+4.87112,+0.873644
+4.8715,+0.862511
+4.87187,+0.999249
+4.87224,+0.983898
+4.87261,+1.08444
+4.87312,+1.64868
+4.87349,+1.74857
+4.87387,+1.77724
+4.87424,+1.7245
+4.87462,+1.6989
+4.87512,+1.7877
+4.87549,+1.93581
+4.87587,+1.84284
+4.87624,+1.8766
+4.87661,+1.74048
+4.87712,+1.79431
+4.87749,+1.90942
+4.87799,+1.93537
+4.87825,+1.94687
+4.87863,+1.40373
+4.87912,+1.2873
+4.87949,+1.18868
+4.87987,+1.20011
+4.88025,+1.05354
+4.88061,+1.24472
+4.88112,+1.22996
+4.88162,+1.05516
+4.88187,+1.08515
+4.88224,+1.05041
+4.88262,+0.997074
+4.88312,+0.974143
+4.88349,+0.954149
+4.88387,+0.378691
+4.88425,+0.44229
+4.88474,-0.301165
+4.88512,-0.362704
+4.8855,-0.910562
+4.88587,-1.01395
+4.88624,-0.926603
+4.88662,-0.882136
+4.88712,-0.740381
+4.88749,-0.775791
+4.88787,-0.715416
+4.88824,-0.687762
+4.88861,-0.299651
+4.88912,-0.224593
+4.88949,+0.495913
+4.88987,+0.56245
+4.89081,-0.114929
+4.891,+0.446436
+4.89128,+0.375408
+4.8915,+0.40176
+4.89187,+0.885903
+4.89224,+0.256612
+4.89261,+0.610445
+4.89312,-0.0849249
+4.89349,-0.271887
+4.89387,-0.326685
+4.89425,+0.298182
+4.89462,-0.254717
+4.89512,-0.247068
+4.89549,-0.271516
+4.89587,-0.282962
+4.89624,-0.348367
+4.89661,-0.340153
+4.89712,+0.316832
+4.89749,+0.441104
+4.89787,+0.314513
+4.89824,+0.262629
+4.89862,+0.760453
+4.89912,+0.721133
+4.89949,+0.790151
+4.89987,+0.798849
+4.90025,+1.53387
+4.90062,+1.5107
+4.90112,+1.42969
+4.90149,+0.775332
+4.90187,+0.497375
+4.90224,+0.518623
+4.90262,+0.448697
+4.90312,+0.3979
+4.90351,+0.434969
+4.90388,+0.450249
+4.90425,+0.469497
+4.90461,+0.448953
+4.90512,+0.480864
+4.90549,+0.529295
+4.90587,+1.02151
+4.90625,+1.12424
+4.90662,+0.570178
+4.90712,+0.523834
+4.90749,+0.45042
+4.90787,+0.357551
+4.90825,+0.24187
+4.90861,+0.13135
+4.90912,-0.444926
+4.90949,+0.0179329
+4.90987,-0.0679997
+4.91025,-0.0998785
+4.91062,+0.425416
+4.91112,+0.00830562
+4.91149,-0.0620415
+4.91199,-0.536033
+4.91226,-0.6488
+4.91262,-1.25399
+4.91312,-1.37253
+4.91349,-1.4606
+4.91387,-2.08044
+4.91424,-2.11514
+4.91462,-1.96286
+4.91512,-1.4522
+4.91549,-1.96798
+4.91587,-2.01858
+4.91625,-1.81984
+4.91662,-1.69485
+4.91712,-0.861201
+4.91749,-0.649661
+4.91787,-0.563965
+4.91825,-0.399753
+4.91862,-0.347732
+4.91914,-0.311888
+4.9195,+0.22988
+4.91987,+0.80225
+4.92024,+0.799537
+4.92062,+1.38448
+4.92112,+1.32087
+4.92149,+1.34253
+4.92187,+2.03538
+4.92224,+1.83465
+4.92262,+1.73086
+4.92312,+1.73642
+4.9235,+1.76133
+4.92387,+1.73843
+4.92425,+1.68272
+4.92462,+1.65242
+4.92512,+1.53186
+4.92549,+1.44954
+4.92587,+0.744432
+4.92625,+0.782923
+4.92662,+0.184638
+4.92712,+0.126774
+4.9275,+0.113877
+4.92787,+0.165917
+4.92825,+0.153851
+4.92862,+0.175568
+4.92912,+0.172564
+4.92949,+0.0354824
+4.92989,+0.68952
+4.93025,+0.650642
+4.93062,+1.23163
+4.93112,+1.0973
+4.9315,+1.09306
+4.93187,+1.14593
+4.93239,+1.15053
+4.93265,+1.00635
+4.93312,+0.916567
+4.9335,+1.07467
+4.93387,+1.12244
+4.93425,+0.475996
+4.93462,+0.506334
+4.93512,+0.716765
+4.9355,+0.6565
+4.93587,+0.614601
+4.93625,+0.686473
+4.93662,+0.879533
+4.93712,+1.0466
+4.9375,+0.407123
+4.93787,+0.261329
+4.93825,+0.431544
+4.93862,+0.54811
+4.93912,+0.536359
+4.93949,+0.593455
+4.93987,+0.691314
+4.94025,+0.704542
+4.94062,+0.0109796
+4.94112,+0.0285905
+4.9415,+0.531788
+4.94187,+0.651862
+4.94225,+0.558839
+4.94262,+0.502169
+4.94312,+0.487673
+4.94351,+0.534118
+4.94387,+0.461636
+4.94425,+0.361849
+4.94462,+0.925396
+4.94512,+0.891971
+4.9455,+0.977229
+4.94587,+0.905889
+4.94625,+1.40979
+4.94662,+1.34092
+4.94712,+1.34222
+4.9475,+1.31135
+4.94787,+1.26195
+4.94825,+0.771039
+4.94862,+0.312465
+4.94912,+0.340584
+4.9495,+0.392263
+4.94987,+0.342399
+4.95025,-0.13044
+4.95062,-0.177478
+4.95112,-0.349375
+4.9515,-0.398908
+4.95187,-0.343933
+4.95225,+0.246087
+4.95262,+0.668083
+4.95312,+0.5835
+4.9535,+0.435552
+4.95387,+0.48051
+4.95425,+1.05567
+4.95463,+1.14018
+4.95512,+1.28724
+4.9555,+0.737072
+4.95587,+0.735148
+4.95625,+0.624121
+4.95662,+0.695458
+4.95712,+0.696324
+4.9575,+0.710487
+4.95787,+0.613012
+4.95825,+0.512455
+4.95862,+0.434654
+4.95912,+0.364225
+4.9595,+0.276075
+4.95987,+0.0527771
+4.96025,-0.517165
+4.96062,-0.547691
+4.96114,-0.718217
+4.9615,-0.663572
+4.96187,-0.609216
+4.96238,-0.603129
+4.96263,-0.56676
+4.96312,-0.551663
+4.9635,+0.0410706
+4.96387,+0.22389
+4.96425,+0.759704
+4.96462,+0.833938
+4.96512,+0.938053
+4.9655,+0.888023
+4.96587,+0.199771
+4.96625,+0.118898
+4.96662,-0.0274597
+4.96738,-0.0673252
+4.96764,-0.195246
+4.96799,-0.444579
+4.96848,-0.508237
+4.96888,-1.24272
+4.96925,-1.19695
+4.9695,-1.33115
+4.96987,-1.31482
+4.97025,-1.30062
+4.97062,-1.3953
+4.97112,-1.43935
+4.9715,-1.38591
+4.97187,-1.17013
+4.97226,-1.29352
+4.97262,-0.89575
+4.97312,-1.05571
+4.9735,-1.06381
+4.97387,-0.625623
+4.97425,-1.22472
+4.97462,-1.21118
+4.97512,-1.35317
+4.9755,-1.3902
+4.97587,-1.54311
+4.97626,-2.04934
+4.97662,-1.86472
+4.97713,-1.8036
+4.9775,-1.84018
+4.97787,-1.91389
+4.97825,-1.49662
+4.97863,-1.52693
+4.97913,-1.52177
+4.9795,-1.65823
+4.97987,-1.73493
+4.98028,-1.23181
+4.98064,-1.96388
+4.98113,-2.12569
+4.9815,-2.81414
+4.98188,-2.92816
+4.98225,-2.97424
+4.98263,-3.08097
+4.98313,-3.18616
+4.9835,-3.20747
+4.98388,-3.36242
+4.98425,-3.46982
+4.98462,-3.00099
+4.98512,-3.05387
+4.9855,-2.92724
+4.98588,-2.85862
+4.98626,-2.81747
+4.98663,-2.77653
+4.98713,-2.68711
+4.9875,-2.80683
+4.9879,-2.82396
+4.98825,-2.82858
+4.98863,-2.85831
+4.98913,-2.81667
+4.9895,-3.01849
+4.98988,-3.598
+4.99025,-3.71741
+4.99063,-3.89665
+4.99113,-4.15906
+4.9915,-4.14231
+4.99187,-4.08607
+4.99225,-4.21701
+4.99321,-4.17846
+4.99342,-4.34529
+4.99369,-3.78714
+4.9939,-3.47315
+4.99425,-3.57681
+4.99463,-3.6382
+4.99512,-3.6213
+4.9955,-4.17797
+4.99588,-4.43703
+4.99625,-4.39068
+4.99662,-4.94639
+4.99739,-4.93886
+4.99757,-5.00211
+4.99788,-4.91333
+4.99825,-4.87489
+4.99863,-4.43876
+4.99913,-4.02192
+4.9995,-3.16147
+4.99988,-2.6513
